WFIRST_fluxes_BTSettlAGSS2009.txt
# %ECSV 0.9
# ---
# datatype:
# - {name: teff, unit: K, datatype: float64}
# - {name: logg, unit: dex, datatype: float64}
# - {name: mh, unit: dex, datatype: float64}
# - {name: STIS_50CCD, unit: 'log [W/m2/um] at surface', datatype: float64, format: .3f}
# - {name: CGI_narrow, unit: 'log [W/m2/um] at surface', datatype: float64, format: .3f}
# - {name: CGI_wide, unit: 'log [W/m2/um] at surface', datatype: float64, format: .3f}
# - {name: CGI_IFS660, unit: 'log [W/m2/um] at surface', datatype: float64, format: .3f}
# - {name: CGI_IFS730, unit: 'log [W/m2/um] at surface', datatype: float64, format: .3f}
# - {name: CGI_IFS760, unit: 'log [W/m2/um] at surface', datatype: float64, format: .3f}
# schema: astropy-2.0
teff logg mh STIS_50CCD CGI_narrow CGI_wide CGI_IFS660 CGI_IFS730 CGI_IFS760
[from data line 8034]
9800.0 4.0 -1.0 8.635 8.706 8.211 8.523 8.397 8.344
9800.0 4.0 -0.5 8.641 8.713 8.217 8.530 8.403 8.351
9800.0 4.0 0.0 8.647 8.718 8.220 8.534 8.407 8.354
9800.0 4.0 0.3 8.657 8.729 8.233 8.546 8.419 8.366
9800.0 4.0 0.5 8.662 8.734 8.238 8.552 8.425 8.372
9800.0 4.5 -4.0 8.617 8.693 8.201 8.510 8.386 8.334
9800.0 4.5 -3.5 8.618 8.694 8.202 8.511 8.387 8.335
9800.0 4.5 -3.0 8.619 8.695 8.203 8.512 8.388 8.336
9800.0 4.5 -2.5 8.621 8.696 8.205 8.514 8.390 8.338
9800.0 4.5 -2.0 8.625 8.700 8.209 8.518 8.394 8.342
9800.0 4.5 -1.5 8.630 8.705 8.214 8.523 8.399 8.347
9800.0 4.5 -1.0 8.635 8.711 8.219 8.528 8.404 8.352
9800.0 4.5 -0.5 8.642 8.718 8.224 8.535 8.410 8.358
9800.0 4.5 0.0 8.650 8.726 8.230 8.542 8.417 8.364
9800.0 4.5 0.3 8.658 8.735 8.239 8.552 8.426 8.373
9800.0 4.5 0.5 8.662 8.739 8.243 8.556 8.431 8.378
9800.0 5.0 -4.0 8.616 8.696 8.210 8.515 8.394 8.342
9800.0 5.0 -3.5 8.617 8.696 8.211 8.516 8.394 8.343
9800.0 5.0 -3.0 8.618 8.697 8.212 8.516 8.395 8.344
9800.0 5.0 -2.5 8.620 8.699 8.214 8.518 8.397 8.345
9800.0 5.0 -2.0 8.622 8.701 8.216 8.521 8.399 8.348
9800.0 5.0 -1.5 8.629 8.708 8.221 8.526 8.405 8.353
9800.0 5.0 -1.0 8.634 8.714 8.226 8.532 8.410 8.358
9800.0 5.0 -0.5 8.641 8.721 8.232 8.539 8.417 8.364
9800.0 5.0 0.0 8.649 8.729 8.236 8.546 8.423 8.370
9800.0 5.0 0.3 8.657 8.738 8.246 8.555 8.432 8.379
9800.0 5.0 0.5 8.660 8.742 8.249 8.559 8.436 8.383
10000.0 0.0 -4.0 7.953 7.990 7.558 7.838 7.717 7.669
10000.0 0.0 -3.5 7.982 8.019 7.587 7.867 7.746 7.698
10000.0 0.0 -3.0 8.009 8.046 7.614 7.894 7.774 7.725
10000.0 0.0 -2.5 8.036 8.073 7.640 7.920 7.800 7.752
10000.0 0.0 -2.0 8.065 8.103 7.670 7.950 7.830 7.782
10000.0 0.0 -1.5 8.096 8.134 7.701 7.981 7.861 7.812
10000.0 0.0 -1.0 8.126 8.164 7.730 8.011 7.890 7.842
10000.0 0.0 -0.5 8.152 8.191 7.755 8.037 7.915 7.867
10000.0 0.0 0.0 8.175 8.214 7.776 8.059 7.937 7.889
10000.0 0.0 0.3 8.187 8.226 7.786 8.071 7.948 7.899
10000.0 0.0 0.5 8.197 8.237 7.796 8.081 7.959 7.910
10000.0 0.5 -4.0 8.247 8.292 7.844 8.131 8.007 7.957
10000.0 0.5 -3.5 8.264 8.308 7.861 8.148 8.024 7.974
10000.0 0.5 -3.0 8.279 8.324 7.877 8.164 8.040 7.990
10000.0 0.5 -2.5 8.295 8.340 7.894 8.181 8.057 8.007
10000.0 0.5 -2.0 8.311 8.357 7.910 8.198 8.074 8.024
10000.0 0.5 -1.5 8.334 8.381 7.933 8.221 8.097 8.047
10000.0 0.5 -1.0 8.355 8.402 7.953 8.242 8.118 8.068
10000.0 0.5 -0.5 8.379 8.427 7.976 8.266 8.141 8.091
10000.0 0.5 0.0 8.398 8.447 7.995 8.285 8.161 8.111
10000.0 0.5 0.3 8.412 8.461 8.006 8.298 8.173 8.122
10000.0 0.5 0.5 8.415 8.466 8.011 8.303 8.178 8.128
10000.0 1.0 -4.0 8.409 8.458 7.994 8.289 8.160 8.109
10000.0 1.0 -3.5 8.417 8.467 8.003 8.298 8.170 8.119
10000.0 1.0 -3.0 8.426 8.477 8.014 8.309 8.181 8.130
10000.0 1.0 -2.5 8.437 8.488 8.027 8.321 8.194 8.143
10000.0 1.0 -2.0 8.451 8.503 8.042 8.336 8.209 8.158
10000.0 1.0 -1.5 8.466 8.519 8.057 8.352 8.225 8.174
10000.0 1.0 -1.0 8.483 8.537 8.074 8.369 8.242 8.191
10000.0 1.0 -0.5 8.504 8.558 8.093 8.389 8.262 8.211
10000.0 1.0 0.0 8.524 8.579 8.111 8.410 8.282 8.230
10000.0 1.0 0.3 8.536 8.592 8.122 8.422 8.294 8.242
10000.0 1.0 0.5 8.542 8.599 8.129 8.429 8.301 8.249
10000.0 1.5 -4.0 8.529 8.582 8.102 8.405 8.273 8.220
10000.0 1.5 -3.5 8.533 8.586 8.107 8.409 8.278 8.226
10000.0 1.5 -3.0 8.538 8.591 8.114 8.416 8.285 8.233
10000.0 1.5 -2.5 8.543 8.597 8.124 8.423 8.294 8.242
10000.0 1.5 -2.0 8.552 8.607 8.134 8.433 8.305 8.253
10000.0 1.5 -1.5 8.564 8.618 8.146 8.445 8.317 8.265
10000.0 1.5 -1.0 8.577 8.632 8.157 8.458 8.330 8.277
10000.0 1.5 -0.5 8.593 8.649 8.173 8.475 8.346 8.293
10000.0 1.5 0.0 8.610 8.668 8.188 8.493 8.363 8.310
10000.0 1.5 0.3 8.623 8.681 8.200 8.505 8.375 8.322
10000.0 1.5 0.5 8.628 8.688 8.205 8.511 8.382 8.329
10000.0 2.0 -4.0 8.573 8.628 8.136 8.446 8.313 8.259
10000.0 2.0 -3.5 8.577 8.632 8.142 8.451 8.318 8.265
10000.0 2.0 -3.0 8.581 8.636 8.149 8.456 8.324 8.271
10000.0 2.0 -2.5 8.585 8.640 8.158 8.462 8.332 8.280
10000.0 2.0 -2.0 8.592 8.648 8.167 8.471 8.341 8.289
10000.0 2.0 -1.5 8.602 8.659 8.178 8.482 8.352 8.300
10000.0 2.0 -1.0 8.615 8.672 8.189 8.494 8.364 8.312
10000.0 2.0 -0.5 8.627 8.685 8.200 8.506 8.376 8.323
10000.0 2.0 0.0 8.642 8.701 8.213 8.521 8.391 8.338
10000.0 2.0 0.3 8.656 8.715 8.227 8.536 8.406 8.352
10000.0 2.0 0.5 8.662 8.723 8.233 8.543 8.412 8.359
10000.0 2.5 -4.0 8.600 8.659 8.159 8.474 8.341 8.287
10000.0 2.5 -3.5 8.603 8.662 8.164 8.477 8.345 8.291
10000.0 2.5 -3.0 8.607 8.665 8.169 8.481 8.349 8.296
10000.0 2.5 -2.5 8.612 8.670 8.178 8.488 8.357 8.304
10000.0 2.5 -2.0 8.618 8.676 8.187 8.496 8.365 8.313
10000.0 2.5 -1.5 8.626 8.684 8.196 8.504 8.374 8.321
10000.0 2.5 -1.0 8.635 8.693 8.204 8.513 8.382 8.330
10000.0 2.5 -0.5 8.646 8.705 8.214 8.524 8.394 8.341
10000.0 2.5 0.0 8.660 8.719 8.226 8.538 8.407 8.354
10000.0 2.5 0.3 8.670 8.730 8.237 8.549 8.418 8.365
10000.0 2.5 0.5 8.675 8.736 8.242 8.555 8.423 8.370
10000.0 3.0 -4.0 8.621 8.683 8.180 8.497 8.365 8.311
10000.0 3.0 -3.5 8.623 8.685 8.183 8.499 8.368 8.314
10000.0 3.0 -3.0 8.626 8.687 8.187 8.502 8.371 8.318
10000.0 3.0 -2.5 8.631 8.691 8.196 8.509 8.379 8.326
10000.0 3.0 -2.0 8.637 8.697 8.204 8.515 8.385 8.333
10000.0 3.0 -1.5 8.642 8.702 8.210 8.521 8.391 8.338
10000.0 3.0 -1.0 8.652 8.712 8.217 8.530 8.399 8.346
10000.0 3.0 -0.5 8.661 8.722 8.226 8.539 8.409 8.356
10000.0 3.0 0.0 8.673 8.735 8.237 8.552 8.421 8.367
10000.0 3.0 0.3 8.683 8.745 8.247 8.562 8.431 8.378
10000.0 3.0 0.5 8.689 8.752 8.253 8.569 8.438 8.384
10000.0 3.5 -4.0 8.630 8.695 8.192 8.509 8.379 8.326
10000.0 3.5 -3.5 8.632 8.697 8.195 8.511 8.381 8.328
10000.0 3.5 -3.0 8.634 8.699 8.198 8.514 8.384 8.331
10000.0 3.5 -2.5 8.637 8.701 8.202 8.517 8.387 8.334
10000.0 3.5 -2.0 8.642 8.706 8.208 8.522 8.392 8.340
10000.0 3.5 -1.5 8.649 8.712 8.215 8.529 8.399 8.346
10000.0 3.5 -1.0 8.655 8.719 8.220 8.535 8.406 8.352
10000.0 3.5 -0.5 8.662 8.726 8.226 8.542 8.412 8.359
10000.0 3.5 0.0 8.671 8.735 8.235 8.551 8.422 8.368
10000.0 3.5 0.3 8.679 8.743 8.243 8.559 8.429 8.376
10000.0 3.5 0.5 8.682 8.747 8.247 8.563 8.434 8.380
10000.0 4.0 -4.0 8.635 8.704 8.203 8.519 8.391 8.338
10000.0 4.0 -3.5 8.637 8.706 8.205 8.520 8.393 8.340
10000.0 4.0 -3.0 8.638 8.707 8.207 8.522 8.394 8.341
10000.0 4.0 -2.5 8.641 8.709 8.210 8.525 8.397 8.344
10000.0 4.0 -2.0 8.646 8.714 8.216 8.530 8.402 8.349
10000.0 4.0 -1.5 8.652 8.719 8.221 8.535 8.407 8.355
10000.0 4.0 -1.0 8.657 8.725 8.225 8.541 8.413 8.360
10000.0 4.0 -0.5 8.663 8.732 8.231 8.547 8.419 8.366
10000.0 4.0 0.0 8.668 8.737 8.236 8.552 8.424 8.370
10000.0 4.0 0.3 8.679 8.748 8.247 8.563 8.435 8.382
10000.0 4.0 0.5 8.683 8.752 8.252 8.568 8.440 8.386
10000.0 4.5 -4.0 8.638 8.711 8.213 8.526 8.400 8.347
10000.0 4.5 -3.5 8.638 8.712 8.214 8.527 8.401 8.349
10000.0 4.5 -3.0 8.640 8.713 8.216 8.528 8.403 8.350
10000.0 4.5 -2.5 8.642 8.715 8.218 8.530 8.405 8.352
10000.0 4.5 -2.0 8.646 8.718 8.222 8.534 8.408 8.356
10000.0 4.5 -1.5 8.651 8.723 8.227 8.539 8.413 8.361
10000.0 4.5 -1.0 8.657 8.729 8.231 8.545 8.419 8.366
10000.0 4.5 -0.5 8.663 8.736 8.237 8.551 8.425 8.372
10000.0 4.5 0.0 8.671 8.745 8.245 8.560 8.433 8.380
10000.0 4.5 0.3 8.679 8.752 8.252 8.568 8.441 8.387
10000.0 4.5 0.5 8.683 8.757 8.256 8.572 8.445 8.392
10000.0 5.0 -4.0 8.639 8.716 8.224 8.533 8.410 8.357
10000.0 5.0 -3.5 8.640 8.717 8.225 8.534 8.410 8.358
10000.0 5.0 -3.0 8.641 8.718 8.225 8.534 8.411 8.359
10000.0 5.0 -2.5 8.643 8.720 8.227 8.536 8.413 8.360
10000.0 5.0 -2.0 8.645 8.722 8.230 8.539 8.415 8.363
10000.0 5.0 -1.5 8.651 8.728 8.234 8.544 8.420 8.368
10000.0 5.0 -1.0 8.657 8.734 8.239 8.549 8.425 8.373
10000.0 5.0 -0.5 8.664 8.741 8.245 8.556 8.432 8.379
10000.0 5.0 0.0 8.670 8.748 8.251 8.563 8.439 8.386
10000.0 5.0 0.3 8.680 8.758 8.259 8.573 8.448 8.394
10000.0 5.0 0.5 8.681 8.760 8.262 8.575 8.450 8.397
10200.0 0.0 -4.0 7.934 7.968 7.533 7.815 7.693 7.645
10200.0 0.0 -3.5 7.957 7.991 7.556 7.838 7.717 7.668
10200.0 0.0 -3.0 7.984 8.018 7.582 7.865 7.743 7.695
10200.0 0.0 -2.5 8.013 8.047 7.611 7.894 7.772 7.724
10200.0 0.0 -2.0 8.046 8.080 7.644 7.926 7.805 7.756
10200.0 0.0 -1.5 8.081 8.116 7.678 7.961 7.840 7.791
10200.0 0.0 -1.0 8.115 8.150 7.711 7.995 7.873 7.824
10200.0 0.0 -0.5 8.147 8.182 7.741 8.026 7.903 7.854
10200.0 0.0 0.0 8.180 8.217 7.774 8.060 7.936 7.888
10200.0 0.0 0.3 8.202 8.237 7.788 8.077 7.952 7.903
10200.0 0.0 0.5 8.218 8.254 7.804 8.094 7.969 7.920
10200.0 0.5 -4.0 8.250 8.292 7.841 8.130 8.005 7.955
10200.0 0.5 -3.5 8.264 8.307 7.857 8.146 8.021 7.971
10200.0 0.5 -3.0 8.281 8.324 7.874 8.163 8.038 7.988
10200.0 0.5 -2.5 8.299 8.343 7.894 8.182 8.058 8.008
10200.0 0.5 -2.0 8.321 8.366 7.916 8.205 8.080 8.031
10200.0 0.5 -1.5 8.344 8.389 7.938 8.228 8.104 8.054
10200.0 0.5 -1.0 8.368 8.414 7.961 8.252 8.127 8.077
10200.0 0.5 -0.5 8.392 8.439 7.983 8.276 8.150 8.100
10200.0 0.5 0.0 8.421 8.467 8.009 8.303 8.177 8.126
10200.0 0.5 0.3 8.439 8.486 8.024 8.321 8.194 8.143
10200.0 0.5 0.5 8.449 8.498 8.035 8.332 8.205 8.154
10200.0 1.0 -4.0 8.421 8.468 8.001 8.298 8.169 8.118
10200.0 1.0 -3.5 8.430 8.477 8.012 8.308 8.180 8.128
10200.0 1.0 -3.0 8.440 8.488 8.024 8.320 8.192 8.141
10200.0 1.0 -2.5 8.452 8.501 8.039 8.334 8.207 8.155
10200.0 1.0 -2.0 8.469 8.519 8.056 8.351 8.224 8.173
10200.0 1.0 -1.5 8.487 8.537 8.073 8.369 8.242 8.191
10200.0 1.0 -1.0 8.506 8.557 8.091 8.389 8.261 8.210
10200.0 1.0 -0.5 8.526 8.578 8.109 8.408 8.280 8.228
10200.0 1.0 0.0 8.552 8.605 8.132 8.434 8.305 8.253
10200.0 1.0 0.3 8.567 8.620 8.145 8.448 8.319 8.267
10200.0 1.0 0.5 8.574 8.629 8.153 8.457 8.328 8.275
10200.0 1.5 -4.0 8.544 8.594 8.112 8.417 8.285 8.232
10200.0 1.5 -3.5 8.548 8.599 8.119 8.422 8.291 8.238
10200.0 1.5 -3.0 8.554 8.605 8.128 8.430 8.299 8.247
10200.0 1.5 -2.5 8.562 8.613 8.138 8.439 8.310 8.258
10200.0 1.5 -2.0 8.573 8.625 8.151 8.452 8.322 8.270
10200.0 1.5 -1.5 8.587 8.640 8.164 8.466 8.337 8.284
10200.0 1.5 -1.0 8.602 8.656 8.178 8.481 8.352 8.299
10200.0 1.5 -0.5 8.620 8.675 8.195 8.499 8.369 8.317
10200.0 1.5 0.0 8.642 8.698 8.214 8.521 8.390 8.337
10200.0 1.5 0.3 8.657 8.713 8.226 8.535 8.404 8.351
10200.0 1.5 0.5 8.664 8.721 8.234 8.543 8.412 8.359
10200.0 2.0 -4.0 8.590 8.643 8.149 8.460 8.326 8.273
10200.0 2.0 -3.5 8.594 8.647 8.156 8.466 8.333 8.280
10200.0 2.0 -3.0 8.599 8.653 8.164 8.472 8.340 8.287
10200.0 2.0 -2.5 8.605 8.658 8.174 8.480 8.349 8.297
10200.0 2.0 -2.0 8.614 8.667 8.184 8.490 8.359 8.306
10200.0 2.0 -1.5 8.627 8.681 8.197 8.504 8.373 8.320
10200.0 2.0 -1.0 8.639 8.694 8.209 8.516 8.386 8.333
10200.0 2.0 -0.5 8.657 8.713 8.225 8.534 8.403 8.350
10200.0 2.0 0.0 8.674 8.732 8.240 8.551 8.419 8.366
10200.0 2.0 0.3 8.689 8.747 8.254 8.566 8.435 8.381
10200.0 2.0 0.5 8.699 8.757 8.263 8.576 8.444 8.390
10200.0 2.5 -4.0 8.619 8.676 8.173 8.490 8.356 8.302
10200.0 2.5 -3.5 8.622 8.679 8.179 8.494 8.360 8.307
10200.0 2.5 -3.0 8.626 8.682 8.184 8.498 8.365 8.311
10200.0 2.5 -2.5 8.630 8.686 8.192 8.503 8.372 8.318
10200.0 2.5 -2.0 8.637 8.692 8.201 8.511 8.380 8.327
10200.0 2.5 -1.5 8.646 8.701 8.210 8.520 8.389 8.336
10200.0 2.5 -1.0 8.655 8.711 8.219 8.530 8.399 8.346
10200.0 2.5 -0.5 8.667 8.723 8.231 8.542 8.411 8.358
10200.0 2.5 0.0 8.681 8.738 8.242 8.555 8.424 8.370
10200.0 2.5 0.3 8.692 8.749 8.254 8.567 8.436 8.382
10200.0 2.5 0.5 8.697 8.755 8.259 8.573 8.441 8.388
10200.0 3.0 -4.0 8.640 8.700 8.194 8.513 8.380 8.326
10200.0 3.0 -3.5 8.642 8.702 8.197 8.516 8.383 8.329
10200.0 3.0 -3.0 8.645 8.704 8.202 8.518 8.386 8.333
10200.0 3.0 -2.5 8.649 8.708 8.209 8.524 8.392 8.339
10200.0 3.0 -2.0 8.656 8.714 8.217 8.531 8.400 8.347
10200.0 3.0 -1.5 8.665 8.723 8.226 8.540 8.409 8.356
10200.0 3.0 -1.0 8.671 8.729 8.232 8.546 8.415 8.362
10200.0 3.0 -0.5 8.680 8.739 8.241 8.556 8.425 8.371
10200.0 3.0 0.0 8.695 8.754 8.253 8.569 8.437 8.384
10200.0 3.0 0.3 8.704 8.764 8.264 8.580 8.449 8.395
10200.0 3.0 0.5 8.711 8.771 8.270 8.587 8.456 8.402
10200.0 3.5 -4.0 8.649 8.713 8.206 8.525 8.394 8.340
10200.0 3.5 -3.5 8.651 8.714 8.209 8.527 8.396 8.343
10200.0 3.5 -3.0 8.653 8.715 8.212 8.530 8.399 8.346
10200.0 3.5 -2.5 8.656 8.718 8.216 8.533 8.402 8.349
10200.0 3.5 -2.0 8.661 8.722 8.222 8.538 8.408 8.355
10200.0 3.5 -1.5 8.668 8.728 8.229 8.545 8.415 8.362
10200.0 3.5 -1.0 8.674 8.735 8.235 8.551 8.421 8.368
10200.0 3.5 -0.5 8.681 8.743 8.241 8.558 8.428 8.374
10200.0 3.5 0.0 8.691 8.752 8.249 8.567 8.436 8.382
10200.0 3.5 0.3 8.699 8.760 8.258 8.576 8.445 8.392
10200.0 3.5 0.5 8.703 8.765 8.263 8.580 8.450 8.396
10200.0 4.0 -4.0 8.654 8.721 8.216 8.534 8.405 8.352
10200.0 4.0 -3.5 8.654 8.721 8.217 8.535 8.406 8.352
10200.0 4.0 -3.0 8.655 8.722 8.219 8.536 8.408 8.354
10200.0 4.0 -2.5 8.658 8.724 8.223 8.539 8.410 8.357
10200.0 4.0 -2.0 8.663 8.729 8.228 8.544 8.415 8.362
10200.0 4.0 -1.5 8.668 8.734 8.233 8.549 8.421 8.367
10200.0 4.0 -1.0 8.675 8.740 8.238 8.555 8.426 8.373
10200.0 4.0 -0.5 8.681 8.747 8.244 8.562 8.433 8.379
10200.0 4.0 0.0 8.688 8.754 8.248 8.567 8.438 8.384
10200.0 4.0 0.3 8.698 8.764 8.260 8.578 8.449 8.395
10200.0 4.0 0.5 8.703 8.770 8.266 8.584 8.455 8.401
10200.0 4.5 -4.0 8.658 8.729 8.226 8.542 8.415 8.362
10200.0 4.5 -3.5 8.658 8.729 8.227 8.543 8.416 8.363
10200.0 4.5 -3.0 8.659 8.730 8.229 8.544 8.417 8.364
10200.0 4.5 -2.5 8.661 8.732 8.231 8.546 8.419 8.366
10200.0 4.5 -2.0 8.665 8.735 8.235 8.550 8.423 8.370
10200.0 4.5 -1.5 8.670 8.740 8.240 8.555 8.428 8.375
10200.0 4.5 -1.0 8.675 8.746 8.245 8.560 8.433 8.380
10200.0 4.5 -0.5 8.682 8.752 8.250 8.567 8.439 8.386
10200.0 4.5 0.0 8.691 8.761 8.257 8.575 8.447 8.393
10200.0 4.5 0.3 8.699 8.769 8.266 8.583 8.455 8.402
10200.0 4.5 0.5 8.703 8.774 8.270 8.588 8.460 8.406
10400.0 0.0 -4.0 7.958 7.989 7.551 7.835 7.713 7.664
10400.0 0.0 -3.5 7.980 8.011 7.573 7.856 7.734 7.686
10400.0 0.0 -3.0 8.005 8.036 7.598 7.882 7.760 7.711
10400.0 0.0 -2.5 8.032 8.063 7.624 7.908 7.786 7.738
10400.0 0.0 -2.0 8.062 8.093 7.654 7.939 7.816 7.767
10400.0 0.0 -1.5 8.096 8.127 7.687 7.972 7.850 7.801
10400.0 0.0 -1.0 8.129 8.161 7.719 8.005 7.882 7.833
10400.0 0.0 -0.5 8.162 8.193 7.749 8.036 7.912 7.863
10400.0 0.0 0.0 8.195 8.227 7.780 8.068 7.944 7.895
10400.0 0.0 0.3 8.220 8.250 7.799 8.089 7.964 7.914
10400.0 0.0 0.5 8.236 8.268 7.815 8.106 7.981 7.931
10400.0 0.5 -4.0 8.269 8.309 7.856 8.147 8.021 7.971
10400.0 0.5 -3.5 8.283 8.323 7.871 8.161 8.036 7.986
10400.0 0.5 -3.0 8.300 8.340 7.888 8.178 8.053 8.003
10400.0 0.5 -2.5 8.318 8.359 7.907 8.197 8.072 8.022
10400.0 0.5 -2.0 8.339 8.380 7.928 8.219 8.094 8.044
10400.0 0.5 -1.5 8.362 8.404 7.951 8.242 8.117 8.067
10400.0 0.5 -1.0 8.385 8.427 7.972 8.265 8.139 8.089
10400.0 0.5 -0.5 8.410 8.452 7.995 8.289 8.163 8.112
10400.0 0.5 0.0 8.438 8.481 8.020 8.316 8.189 8.138
10400.0 0.5 0.3 8.457 8.501 8.037 8.334 8.207 8.156
10400.0 0.5 0.5 8.468 8.513 8.047 8.346 8.218 8.167
10400.0 1.0 -4.0 8.439 8.483 8.014 8.313 8.183 8.131
10400.0 1.0 -3.5 8.448 8.493 8.025 8.323 8.194 8.142
10400.0 1.0 -3.0 8.458 8.504 8.038 8.335 8.207 8.155
10400.0 1.0 -2.5 8.471 8.517 8.052 8.349 8.221 8.170
10400.0 1.0 -2.0 8.488 8.534 8.069 8.366 8.239 8.187
10400.0 1.0 -1.5 8.506 8.553 8.087 8.385 8.257 8.205
10400.0 1.0 -1.0 8.524 8.572 8.104 8.403 8.275 8.223
10400.0 1.0 -0.5 8.544 8.593 8.122 8.423 8.295 8.243
10400.0 1.0 0.0 8.571 8.620 8.146 8.449 8.319 8.267
10400.0 1.0 0.3 8.586 8.636 8.159 8.463 8.334 8.281
10400.0 1.0 0.5 8.594 8.645 8.167 8.472 8.343 8.290
10400.0 1.5 -4.0 8.560 8.608 8.124 8.430 8.297 8.244
10400.0 1.5 -3.5 8.565 8.613 8.131 8.436 8.304 8.251
10400.0 1.5 -3.0 8.572 8.620 8.140 8.444 8.313 8.261
10400.0 1.5 -2.5 8.579 8.628 8.152 8.454 8.324 8.272
10400.0 1.5 -2.0 8.592 8.641 8.164 8.467 8.337 8.285
10400.0 1.5 -1.5 8.606 8.656 8.178 8.482 8.352 8.299
10400.0 1.5 -1.0 8.621 8.672 8.192 8.497 8.367 8.314
10400.0 1.5 -0.5 8.640 8.692 8.209 8.516 8.385 8.332
10400.0 1.5 0.0 8.662 8.715 8.229 8.537 8.406 8.353
10400.0 1.5 0.3 8.677 8.730 8.242 8.552 8.420 8.367
10400.0 1.5 0.5 8.685 8.739 8.249 8.560 8.429 8.375
10400.0 2.0 -4.0 8.607 8.658 8.161 8.474 8.340 8.286
