WFIRST_fluxes_BTSettlAGSS2009.txt
# %ECSV 0.9
# ---
# datatype:
# - {name: teff, unit: K, datatype: float64}
# - {name: logg, unit: dex, datatype: float64}
# - {name: mh, unit: dex, datatype: float64}
# - {name: STIS_50CCD, unit: 'log [W/m2/um] at surface', datatype: float64, format: .3f}
# - {name: CGI_narrow, unit: 'log [W/m2/um] at surface', datatype: float64, format: .3f}
# - {name: CGI_wide, unit: 'log [W/m2/um] at surface', datatype: float64, format: .3f}
# - {name: CGI_IFS660, unit: 'log [W/m2/um] at surface', datatype: float64, format: .3f}
# - {name: CGI_IFS730, unit: 'log [W/m2/um] at surface', datatype: float64, format: .3f}
# - {name: CGI_IFS760, unit: 'log [W/m2/um] at surface', datatype: float64, format: .3f}
# - {name: 2MASS_H, unit: 'log [W/m2/um] at surface', datatype: float64, format: .3f}
# - {name: UKIDSS_Y, unit: 'log [W/m2/um] at surface', datatype: float64, format: .3f}
# - {name: MKO_J, unit: 'log [W/m2/um] at surface', datatype: float64, format: .3f}
# - {name: MKO_H, unit: 'log [W/m2/um] at surface', datatype: float64, format: .3f}
# - {name: MKO_Ks, unit: 'log [W/m2/um] at surface', datatype: float64, format: .3f}
# - {name: Johnson_V, unit: 'log [W/m2/um] at surface', datatype: float64, format: .3f}
# - {name: Gaia_G_revised, unit: 'log [W/m2/um] at surface', datatype: float64, format: .3f}
# schema: astropy-2.0
teff logg mh STIS_50CCD CGI_narrow CGI_wide CGI_IFS660 CGI_IFS730 CGI_IFS760 2MASS_H UKIDSS_Y MKO_J MKO_H MKO_Ks Johnson_V Gaia_G_revised
[from data line 11228]
27000.0 2.5 0.5 9.611 9.527 8.955 9.318 9.162 9.101 7.821 8.599 8.283 7.841 7.378 9.604 9.456
27000.0 3.0 -4.0 9.526 9.450 8.874 9.238 9.082 9.021 7.738 8.521 8.203 7.758 7.295 9.527 9.380
27000.0 3.0 -3.5 9.528 9.453 8.880 9.242 9.087 9.026 7.747 8.527 8.210 7.767 7.304 9.530 9.383
27000.0 3.0 -3.0 9.529 9.455 8.883 9.245 9.090 9.029 7.752 8.531 8.214 7.771 7.309 9.532 9.384
27000.0 3.0 -2.5 9.542 9.464 8.891 9.253 9.098 9.037 7.758 8.537 8.221 7.777 7.314 9.542 9.395
27000.0 3.0 -2.0 9.549 9.471 8.897 9.260 9.105 9.044 7.764 8.544 8.227 7.783 7.321 9.548 9.401
27000.0 3.0 -1.5 9.557 9.479 8.906 9.268 9.113 9.052 7.772 8.552 8.235 7.792 7.329 9.557 9.409
27000.0 3.0 -1.0 9.562 9.486 8.912 9.275 9.119 9.059 7.779 8.558 8.242 7.798 7.335 9.563 9.415
27000.0 3.0 -0.5 9.574 9.496 8.923 9.285 9.130 9.069 7.788 8.568 8.251 7.808 7.344 9.574 9.426
27000.0 3.0 0.0 9.607 9.524 8.945 9.311 9.154 9.093 7.806 8.588 8.270 7.825 7.361 9.602 9.454
27000.0 3.0 0.3 9.617 9.535 8.959 9.323 9.167 9.106 7.820 8.602 8.284 7.840 7.376 9.614 9.464
27000.0 3.0 0.5 9.634 9.551 8.972 9.338 9.181 9.120 7.830 8.613 8.295 7.850 7.385 9.629 9.480
27000.0 3.5 -4.0 9.507 9.431 8.849 9.217 9.060 8.998 7.711 8.497 8.177 7.730 7.267 9.510 9.362
27000.0 3.5 -3.5 9.510 9.435 8.855 9.221 9.065 9.004 7.720 8.503 8.185 7.739 7.277 9.513 9.366
27000.0 3.5 -3.0 9.508 9.434 8.856 9.221 9.065 9.004 7.722 8.504 8.186 7.741 7.279 9.512 9.365
27000.0 3.5 -2.5 9.513 9.438 8.861 9.225 9.070 9.008 7.727 8.508 8.191 7.746 7.284 9.516 9.369
27000.0 3.5 -2.0 9.520 9.445 8.866 9.232 9.076 9.014 7.731 8.513 8.196 7.750 7.288 9.523 9.375
27000.0 3.5 -1.5 9.524 9.449 8.870 9.236 9.080 9.018 7.734 8.517 8.199 7.754 7.291 9.527 9.379
27000.0 3.5 -1.0 9.535 9.459 8.880 9.246 9.090 9.028 7.743 8.526 8.208 7.762 7.299 9.538 9.390
27000.0 3.5 -0.5 9.552 9.475 8.896 9.262 9.106 9.044 7.758 8.541 8.223 7.777 7.313 9.554 9.405
27000.0 3.5 0.0 9.574 9.495 8.915 9.281 9.125 9.063 7.774 8.558 8.239 7.793 7.329 9.574 9.425
27000.0 3.5 0.3 9.597 9.517 8.938 9.304 9.148 9.086 7.796 8.580 8.262 7.816 7.351 9.596 9.446
27000.0 3.5 0.5 9.610 9.530 8.951 9.317 9.160 9.099 7.807 8.592 8.273 7.827 7.362 9.609 9.459
27000.0 4.0 -4.0 9.489 9.416 8.830 9.200 9.043 8.981 7.694 8.480 8.160 7.713 7.250 9.496 9.347
27000.0 4.0 -3.5 9.496 9.422 8.839 9.207 9.050 8.989 7.704 8.488 8.169 7.723 7.261 9.501 9.353
27000.0 4.0 -3.0 9.499 9.425 8.843 9.210 9.054 8.992 7.708 8.492 8.174 7.728 7.266 9.504 9.356
27000.0 4.0 -2.5 9.504 9.430 8.848 9.215 9.059 8.997 7.713 8.496 8.178 7.732 7.270 9.509 9.361
27000.0 4.0 -2.0 9.510 9.435 8.852 9.220 9.063 9.002 7.716 8.500 8.181 7.735 7.272 9.514 9.366
27000.0 4.0 -1.5 9.518 9.442 8.859 9.227 9.070 9.009 7.722 8.506 8.188 7.741 7.278 9.522 9.373
27000.0 4.0 -1.0 9.530 9.453 8.870 9.238 9.081 9.019 7.731 8.516 8.197 7.750 7.287 9.533 9.384
27000.0 4.0 -0.5 9.546 9.468 8.885 9.253 9.096 9.034 7.744 8.530 8.211 7.764 7.300 9.548 9.399
27000.0 4.0 0.0 9.542 9.464 8.880 9.249 9.092 9.030 7.738 8.524 8.204 7.758 7.294 9.544 9.394
27000.0 4.0 0.3 9.591 9.511 8.929 9.297 9.140 9.078 7.785 8.571 8.251 7.804 7.339 9.591 9.441
27000.0 4.0 0.5 9.601 9.522 8.940 9.307 9.151 9.089 7.795 8.581 8.261 7.814 7.349 9.601 9.451
27000.0 4.5 -4.0 9.473 9.403 8.814 9.185 9.028 8.966 7.677 8.465 8.145 7.697 7.235 9.484 9.333
27000.0 4.5 -3.5 9.480 9.410 8.824 9.193 9.037 8.974 7.689 8.474 8.155 7.708 7.246 9.490 9.340
27000.0 4.5 -3.0 9.483 9.413 8.828 9.197 9.040 8.978 7.694 8.478 8.160 7.713 7.252 9.492 9.343
27000.0 4.5 -2.5 9.488 9.417 8.834 9.202 9.045 8.984 7.700 8.483 8.165 7.719 7.258 9.497 9.348
27000.0 4.5 -2.0 9.495 9.423 8.839 9.207 9.050 8.989 7.703 8.487 8.169 7.722 7.260 9.503 9.353
27000.0 4.5 -1.5 9.506 9.433 8.848 9.217 9.060 8.998 7.710 8.495 8.177 7.730 7.267 9.513 9.363
27000.0 4.5 -1.0 9.521 9.446 8.860 9.230 9.073 9.011 7.721 8.507 8.188 7.740 7.277 9.526 9.376
27000.0 4.5 -0.5 9.538 9.463 8.877 9.246 9.089 9.027 7.735 8.521 8.202 7.755 7.291 9.543 9.393
27000.0 4.5 0.0 9.560 9.482 8.896 9.265 9.108 9.046 7.751 8.539 8.219 7.771 7.307 9.563 9.412
27000.0 4.5 0.3 9.584 9.506 8.921 9.290 9.133 9.071 7.776 8.562 8.243 7.795 7.330 9.585 9.435
27000.0 4.5 0.5 9.589 9.511 8.928 9.296 9.140 9.078 7.782 8.569 8.250 7.802 7.337 9.591 9.440
28000.0 2.0 -4.0 9.491 9.423 8.868 9.221 9.070 9.011 7.764 8.526 8.218 7.783 7.328 9.496 9.349
28000.0 2.0 -3.5 9.496 9.428 8.874 9.226 9.076 9.017 7.773 8.533 8.225 7.792 7.337 9.501 9.353
28000.0 2.0 -3.0 9.500 9.433 8.879 9.230 9.080 9.021 7.779 8.538 8.230 7.797 7.343 9.505 9.358
28000.0 2.0 -2.5 9.509 9.441 8.885 9.238 9.087 9.028 7.781 8.542 8.234 7.800 7.345 9.514 9.366
28000.0 2.0 -2.0 9.513 9.444 8.888 9.241 9.090 9.031 7.784 8.546 8.237 7.803 7.348 9.517 9.369
28000.0 2.0 -1.5 9.519 9.448 8.893 9.246 9.095 9.036 7.790 8.550 8.243 7.809 7.354 9.521 9.374
28000.0 2.0 -1.0 9.522 9.450 8.895 9.248 9.097 9.038 7.792 8.552 8.245 7.811 7.356 9.523 9.377
28000.0 2.0 -0.5 9.539 9.464 8.906 9.261 9.110 9.050 7.797 8.561 8.252 7.816 7.360 9.537 9.391
28000.0 2.0 0.0 9.561 9.481 8.921 9.277 9.125 9.065 7.805 8.573 8.262 7.824 7.364 9.555 9.409
28000.0 2.0 0.3 9.569 9.486 8.927 9.282 9.131 9.071 7.813 8.578 8.269 7.832 7.375 9.560 9.416
28000.0 2.0 0.5 9.583 9.497 8.937 9.293 9.141 9.081 7.819 8.586 8.276 7.838 7.379 9.571 9.427
28000.0 2.5 -4.0 9.546 9.471 8.903 9.263 9.109 9.048 7.777 8.552 8.237 7.796 7.334 9.546 9.399
28000.0 2.5 -3.5 9.549 9.475 8.909 9.268 9.114 9.054 7.786 8.559 8.245 7.805 7.345 9.550 9.403
28000.0 2.5 -3.0 9.552 9.478 8.913 9.271 9.118 9.058 7.791 8.563 8.250 7.811 7.351 9.553 9.406
28000.0 2.5 -2.5 9.555 9.479 8.911 9.270 9.116 9.056 7.785 8.560 8.245 7.804 7.344 9.554 9.407
28000.0 2.5 -2.0 9.561 9.485 8.917 9.277 9.123 9.063 7.792 8.566 8.252 7.811 7.350 9.561 9.413
28000.0 2.5 -1.5 9.568 9.492 8.924 9.284 9.129 9.069 7.798 8.573 8.258 7.818 7.357 9.567 9.420
28000.0 2.5 -1.0 9.576 9.499 8.932 9.291 9.138 9.077 7.808 8.581 8.268 7.828 7.367 9.575 9.427
28000.0 2.5 -0.5 9.585 9.506 8.939 9.299 9.145 9.084 7.814 8.587 8.274 7.833 7.372 9.582 9.435
28000.0 2.5 0.0 9.607 9.525 8.954 9.315 9.161 9.100 7.823 8.599 8.284 7.842 7.380 9.601 9.454
28000.0 2.5 0.3 9.623 9.538 8.967 9.329 9.174 9.113 7.835 8.612 8.297 7.855 7.392 9.615 9.468
28000.0 2.5 0.5 9.637 9.551 8.977 9.341 9.185 9.124 7.842 8.620 8.304 7.861 7.398 9.627 9.480
28000.0 3.0 -4.0 9.561 9.481 8.904 9.269 9.112 9.051 7.765 8.549 8.230 7.785 7.321 9.559 9.412
28000.0 3.0 -3.5 9.563 9.484 8.910 9.273 9.117 9.056 7.774 8.555 8.238 7.794 7.331 9.562 9.414
28000.0 3.0 -3.0 9.565 9.487 8.913 9.276 9.120 9.060 7.779 8.559 8.242 7.798 7.336 9.564 9.417
28000.0 3.0 -2.5 9.578 9.495 8.918 9.283 9.126 9.065 7.780 8.562 8.244 7.799 7.336 9.573 9.426
28000.0 3.0 -2.0 9.584 9.502 8.925 9.289 9.133 9.072 7.786 8.569 8.251 7.806 7.342 9.580 9.433
28000.0 3.0 -1.5 9.593 9.510 8.933 9.298 9.142 9.081 7.795 8.577 8.259 7.814 7.351 9.588 9.441
28000.0 3.0 -1.0 9.595 9.515 8.940 9.303 9.147 9.086 7.803 8.584 8.267 7.822 7.359 9.592 9.444
28000.0 3.0 -0.5 9.606 9.524 8.949 9.312 9.157 9.096 7.811 8.592 8.275 7.830 7.367 9.602 9.454
28000.0 3.0 0.0 9.636 9.550 8.970 9.337 9.180 9.118 7.828 8.611 8.293 7.847 7.382 9.629 9.481
28000.0 3.0 0.3 9.647 9.562 8.984 9.349 9.192 9.131 7.842 8.624 8.306 7.861 7.396 9.640 9.491
28000.0 3.0 0.5 9.664 9.577 8.996 9.363 9.206 9.144 7.851 8.636 8.317 7.871 7.405 9.656 9.507
28000.0 3.5 -4.0 9.546 9.464 8.880 9.249 9.092 9.030 7.739 8.525 8.205 7.758 7.294 9.544 9.396
28000.0 3.5 -3.5 9.548 9.468 8.887 9.254 9.097 9.036 7.748 8.532 8.213 7.767 7.303 9.547 9.400
28000.0 3.5 -3.0 9.546 9.466 8.886 9.253 9.096 9.035 7.748 8.531 8.213 7.767 7.304 9.545 9.398
28000.0 3.5 -2.5 9.549 9.469 8.889 9.256 9.099 9.038 7.751 8.534 8.216 7.770 7.307 9.548 9.401
28000.0 3.5 -2.0 9.558 9.477 8.897 9.263 9.107 9.045 7.757 8.541 8.223 7.776 7.313 9.556 9.409
28000.0 3.5 -1.5 9.561 9.480 8.900 9.267 9.110 9.048 7.760 8.544 8.225 7.779 7.315 9.559 9.412
28000.0 3.5 -1.0 9.572 9.490 8.910 9.276 9.120 9.058 7.768 8.553 8.234 7.788 7.323 9.569 9.421
28000.0 3.5 -0.5 9.588 9.506 8.925 9.292 9.135 9.074 7.782 8.567 8.248 7.802 7.337 9.585 9.437
28000.0 3.5 0.0 9.611 9.528 8.946 9.313 9.156 9.095 7.802 8.587 8.268 7.821 7.356 9.607 9.458
28000.0 3.5 0.3 9.630 9.546 8.965 9.332 9.175 9.113 7.819 8.605 8.286 7.839 7.373 9.625 9.476
28000.0 3.5 0.5 9.644 9.559 8.977 9.345 9.188 9.126 7.830 8.616 8.297 7.850 7.384 9.638 9.489
28000.0 4.0 -4.0 9.528 9.448 8.861 9.232 9.074 9.012 7.720 8.507 8.187 7.739 7.276 9.529 9.381
28000.0 4.0 -3.5 9.532 9.453 8.868 9.237 9.080 9.018 7.728 8.513 8.194 7.747 7.284 9.533 9.385
28000.0 4.0 -3.0 9.535 9.456 8.872 9.240 9.083 9.021 7.732 8.517 8.198 7.751 7.288 9.535 9.388
28000.0 4.0 -2.5 9.539 9.459 8.875 9.243 9.086 9.024 7.735 8.520 8.201 7.754 7.291 9.539 9.391
28000.0 4.0 -2.0 9.545 9.464 8.880 9.249 9.091 9.029 7.739 8.524 8.205 7.758 7.294 9.544 9.397
28000.0 4.0 -1.5 9.553 9.472 8.887 9.256 9.099 9.037 7.745 8.531 8.212 7.764 7.300 9.552 9.404
28000.0 4.0 -1.0 9.564 9.483 8.897 9.267 9.109 9.047 7.754 8.540 8.221 7.773 7.309 9.563 9.414
28000.0 4.0 -0.5 9.581 9.498 8.913 9.282 9.125 9.062 7.768 8.555 8.235 7.787 7.322 9.578 9.430
28000.0 4.0 0.0 9.577 9.493 8.908 9.277 9.119 9.057 7.761 8.548 8.228 7.781 7.316 9.573 9.424
28000.0 4.0 0.3 9.625 9.540 8.956 9.325 9.167 9.105 7.807 8.595 8.275 7.827 7.361 9.620 9.471
28000.0 4.0 0.5 9.636 9.551 8.967 9.336 9.179 9.117 7.818 8.605 8.285 7.837 7.371 9.631 9.481
28000.0 4.5 -4.0 9.512 9.436 8.845 9.218 9.060 8.997 7.704 8.493 8.172 7.723 7.260 9.517 9.367
28000.0 4.5 -3.5 9.519 9.443 8.855 9.225 9.068 9.006 7.715 8.501 8.182 7.734 7.271 9.523 9.374
28000.0 4.5 -3.0 9.522 9.445 8.859 9.229 9.071 9.009 7.720 8.505 8.186 7.739 7.276 9.526 9.377
28000.0 4.5 -2.5 9.526 9.449 8.863 9.232 9.075 9.013 7.723 8.508 8.190 7.742 7.280 9.529 9.380
28000.0 4.5 -2.0 9.533 9.455 8.868 9.238 9.081 9.019 7.727 8.513 8.194 7.746 7.283 9.535 9.386
28000.0 4.5 -1.5 9.544 9.464 8.877 9.247 9.090 9.028 7.735 8.522 8.202 7.754 7.290 9.545 9.396
28000.0 4.5 -1.0 9.558 9.477 8.889 9.260 9.102 9.040 7.745 8.533 8.213 7.765 7.300 9.558 9.409
28000.0 4.5 -0.5 9.576 9.494 8.906 9.277 9.119 9.057 7.760 8.548 8.228 7.779 7.315 9.575 9.425
28000.0 4.5 0.0 9.602 9.518 8.930 9.301 9.143 9.080 7.781 8.570 8.249 7.800 7.335 9.598 9.449
28000.0 4.5 0.3 9.620 9.536 8.949 9.319 9.162 9.099 7.799 8.588 8.267 7.819 7.353 9.616 9.466
28000.0 4.5 0.5 9.625 9.542 8.956 9.326 9.168 9.106 7.806 8.594 8.274 7.825 7.359 9.622 9.471
29000.0 2.0 -4.0 9.508 9.438 8.882 9.236 9.085 9.025 7.778 8.539 8.231 7.797 7.342 9.511 9.364
29000.0 2.0 -3.5 9.514 9.445 8.890 9.243 9.092 9.033 7.787 8.547 8.240 7.806 7.351 9.518 9.370
29000.0 2.0 -3.0 9.519 9.450 8.895 9.248 9.097 9.038 7.793 8.553 8.245 7.811 7.357 9.523 9.375
29000.0 2.0 -2.5 9.528 9.457 8.902 9.255 9.104 9.045 7.798 8.559 8.251 7.817 7.362 9.530 9.383
29000.0 2.0 -2.0 9.532 9.461 8.906 9.259 9.108 9.049 7.802 8.563 8.255 7.820 7.365 9.534 9.387
29000.0 2.0 -1.5 9.539 9.467 8.912 9.265 9.114 9.055 7.807 8.568 8.260 7.826 7.371 9.540 9.394
29000.0 2.0 -1.0 9.544 9.471 8.915 9.269 9.118 9.058 7.810 8.571 8.263 7.829 7.373 9.544 9.398
29000.0 2.0 -0.5 9.557 9.480 8.922 9.277 9.126 9.066 7.813 8.576 8.268 7.832 7.375 9.553 9.408
29000.0 2.0 0.0 9.581 9.499 8.941 9.296 9.145 9.085 7.827 8.593 8.284 7.846 7.388 9.573 9.429
29000.0 2.0 0.3 9.590 9.505 8.946 9.302 9.150 9.090 7.831 8.596 8.287 7.850 7.392 9.579 9.435
29000.0 2.0 0.5 9.603 9.515 8.955 9.311 9.159 9.099 7.836 8.603 8.293 7.855 7.397 9.589 9.446
29000.0 2.5 -4.0 9.570 9.492 8.924 9.284 9.130 9.069 7.795 8.572 8.256 7.815 7.353 9.568 9.421
29000.0 2.5 -3.5 9.574 9.497 8.930 9.289 9.135 9.075 7.804 8.578 8.264 7.823 7.363 9.573 9.425
29000.0 2.5 -3.0 9.578 9.501 8.934 9.293 9.139 9.079 7.809 8.583 8.269 7.828 7.367 9.577 9.429
29000.0 2.5 -2.5 9.581 9.503 8.935 9.295 9.140 9.080 7.808 8.582 8.268 7.827 7.365 9.579 9.432
29000.0 2.5 -2.0 9.588 9.509 8.941 9.301 9.147 9.086 7.814 8.589 8.274 7.833 7.372 9.585 9.438
29000.0 2.5 -1.5 9.595 9.516 8.948 9.308 9.154 9.094 7.821 8.596 8.281 7.840 7.379 9.592 9.445
29000.0 2.5 -1.0 9.604 9.524 8.955 9.316 9.161 9.101 7.828 8.603 8.288 7.847 7.386 9.600 9.453
29000.0 2.5 -0.5 9.613 9.531 8.962 9.323 9.169 9.108 7.834 8.609 8.294 7.853 7.391 9.607 9.460
29000.0 2.5 0.0 9.635 9.549 8.977 9.340 9.185 9.124 7.843 8.621 8.305 7.862 7.399 9.626 9.479
29000.0 2.5 0.3 9.649 9.561 8.989 9.352 9.197 9.136 7.855 8.632 8.317 7.874 7.411 9.638 9.492
29000.0 2.5 0.5 9.662 9.573 8.999 9.363 9.207 9.146 7.861 8.640 8.324 7.880 7.417 9.650 9.503
29000.0 3.0 -4.0 9.591 9.507 8.928 9.295 9.138 9.076 7.786 8.571 8.252 7.806 7.341 9.586 9.439
29000.0 3.0 -3.5 9.594 9.511 8.934 9.299 9.143 9.082 7.795 8.578 8.260 7.815 7.351 9.589 9.442
29000.0 3.0 -3.0 9.597 9.514 8.938 9.302 9.146 9.085 7.799 8.581 8.263 7.819 7.355 9.592 9.445
29000.0 3.0 -2.5 9.611 9.525 8.947 9.313 9.156 9.095 7.806 8.590 8.271 7.826 7.361 9.604 9.457
29000.0 3.0 -2.0 9.617 9.531 8.953 9.319 9.162 9.101 7.812 8.596 8.277 7.832 7.367 9.610 9.463
29000.0 3.0 -1.5 9.624 9.538 8.960 9.325 9.169 9.107 7.819 8.602 8.284 7.838 7.374 9.616 9.469
29000.0 3.0 -1.0 9.628 9.542 8.965 9.330 9.173 9.112 7.824 8.606 8.288 7.843 7.378 9.620 9.473
29000.0 3.0 -0.5 9.637 9.552 8.973 9.339 9.182 9.121 7.832 8.615 8.296 7.851 7.386 9.630 9.482
29000.0 3.0 0.0 9.668 9.578 8.996 9.364 9.206 9.145 7.849 8.635 8.316 7.869 7.403 9.657 9.509
29000.0 3.0 0.3 9.677 9.587 9.007 9.374 9.217 9.155 7.861 8.646 8.327 7.881 7.415 9.666 9.518
29000.0 3.0 0.5 9.693 9.602 9.019 9.388 9.230 9.168 7.871 8.657 8.338 7.891 7.424 9.681 9.532
29000.0 3.5 -4.0 9.581 9.495 8.908 9.279 9.120 9.058 7.762 8.550 8.229 7.781 7.316 9.575 9.428
29000.0 3.5 -3.5 9.585 9.500 8.916 9.284 9.127 9.065 7.772 8.558 8.238 7.791 7.327 9.579 9.432
29000.0 3.5 -3.0 9.585 9.499 8.916 9.284 9.126 9.065 7.772 8.558 8.238 7.791 7.327 9.578 9.432
29000.0 3.5 -2.5 9.588 9.502 8.918 9.287 9.129 9.068 7.774 8.560 8.241 7.794 7.329 9.581 9.435
29000.0 3.5 -2.0 9.596 9.509 8.925 9.294 9.136 9.074 7.780 8.566 8.247 7.799 7.334 9.588 9.442
29000.0 3.5 -1.5 9.599 9.513 8.929 9.298 9.140 9.078 7.783 8.570 8.250 7.802 7.337 9.592 9.445
29000.0 3.5 -1.0 9.610 9.523 8.938 9.307 9.149 9.087 7.792 8.579 8.259 7.811 7.345 9.602 9.455
29000.0 3.5 -0.5 9.625 9.537 8.953 9.322 9.164 9.102 7.805 8.592 8.272 7.824 7.358 9.617 9.469
29000.0 3.5 0.0 9.645 9.556 8.970 9.340 9.182 9.120 7.821 8.609 8.288 7.840 7.374 9.636 9.487
29000.0 3.5 0.3 9.664 9.575 8.990 9.359 9.201 9.139 7.840 8.628 8.308 7.860 7.393 9.654 9.506
29000.0 3.5 0.5 9.676 9.587 9.002 9.371 9.213 9.151 7.851 8.639 8.318 7.870 7.404 9.666 9.517
29000.0 4.0 -4.0 9.567 9.481 8.890 9.263 9.104 9.042 7.744 8.533 8.212 7.763 7.298 9.562 9.415
29000.0 4.0 -3.5 9.575 9.489 8.900 9.271 9.113 9.051 7.755 8.542 8.222 7.774 7.309 9.569 9.422
29000.0 4.0 -3.0 9.578 9.492 8.904 9.275 9.116 9.054 7.758 8.546 8.225 7.777 7.312 9.572 9.425
29000.0 4.0 -2.5 9.583 9.496 8.908 9.279 9.120 9.058 7.761 8.549 8.229 7.780 7.315 9.576 9.429
29000.0 4.0 -2.0 9.589 9.501 8.913 9.284 9.125 9.063 7.765 8.554 8.233 7.784 7.319 9.582 9.435
29000.0 4.0 -1.5 9.596 9.508 8.919 9.291 9.132 9.070 7.771 8.560 8.239 7.790 7.325 9.589 9.441
29000.0 4.0 -1.0 9.608 9.519 8.929 9.301 9.143 9.080 7.780 8.569 8.248 7.799 7.333 9.600 9.452
29000.0 4.0 -0.5 9.622 9.533 8.943 9.315 9.156 9.094 7.792 8.582 8.261 7.812 7.345 9.613 9.465
29000.0 4.0 0.0 9.615 9.525 8.936 9.308 9.149 9.086 7.784 8.574 8.253 7.804 7.337 9.606 9.457
29000.0 4.0 0.3 9.661 9.571 8.983 9.354 9.195 9.133 7.829 8.619 8.298 7.849 7.382 9.652 9.502
29000.0 4.0 0.5 9.670 9.580 8.992 9.363 9.205 9.142 7.838 8.628 8.307 7.858 7.390 9.660 9.511
29000.0 4.5 -4.0 9.550 9.467 8.873 9.248 9.088 9.026 7.727 8.517 8.196 7.747 7.282 9.548 9.400
29000.0 4.5 -3.5 9.560 9.476 8.885 9.257 9.099 9.036 7.740 8.528 8.208 7.759 7.295 9.557 9.409
