WFIRST_fluxes_BTSettlAGSS2009.txt
# %ECSV 0.9
# ---
# datatype:
# - {name: teff, unit: K, datatype: float64}
# - {name: logg, unit: dex, datatype: float64}
# - {name: mh, unit: dex, datatype: float64}
# - {name: STIS_50CCD, unit: 'log [W/m2/um] at surface', datatype: float64, format: .3f}
# - {name: CGI_narrow, unit: 'log [W/m2/um] at surface', datatype: float64, format: .3f}
# - {name: CGI_wide, unit: 'log [W/m2/um] at surface', datatype: float64, format: .3f}
# - {name: CGI_IFS660, unit: 'log [W/m2/um] at surface', datatype: float64, format: .3f}
# - {name: CGI_IFS730, unit: 'log [W/m2/um] at surface', datatype: float64, format: .3f}
# - {name: CGI_IFS760, unit: 'log [W/m2/um] at surface', datatype: float64, format: .3f}
# - {name: 2MASS_H, unit: 'log [W/m2/um] at surface', datatype: float64, format: .3f}
# - {name: UKIDSS_Y, unit: 'log [W/m2/um] at surface', datatype: float64, format: .3f}
# - {name: MKO_J, unit: 'log [W/m2/um] at surface', datatype: float64, format: .3f}
# - {name: MKO_H, unit: 'log [W/m2/um] at surface', datatype: float64, format: .3f}
# - {name: MKO_Ks, unit: 'log [W/m2/um] at surface', datatype: float64, format: .3f}
# - {name: Johnson_V, unit: 'log [W/m2/um] at surface', datatype: float64, format: .3f}
# - {name: Gaia_G_revised, unit: 'log [W/m2/um] at surface', datatype: float64, format: .3f}
# schema: astropy-2.0
teff logg mh STIS_50CCD CGI_narrow CGI_wide CGI_IFS660 CGI_IFS730 CGI_IFS760 2MASS_H UKIDSS_Y MKO_J MKO_H MKO_Ks Johnson_V Gaia_G_revised
[from data line 9370]
12500.0 4.5 -4.0 8.833 8.881 8.340 8.682 8.543 8.486 7.323 8.073 7.771 7.340 6.906 8.950 8.785
12500.0 4.5 -3.5 8.834 8.881 8.345 8.684 8.546 8.489 7.329 8.075 7.775 7.346 6.911 8.949 8.785
12500.0 4.5 -3.0 8.836 8.883 8.350 8.686 8.549 8.493 7.334 8.078 7.778 7.351 6.916 8.951 8.787
12500.0 4.5 -2.5 8.839 8.884 8.357 8.690 8.554 8.498 7.340 8.082 7.783 7.358 6.923 8.952 8.789
12500.0 4.5 -2.0 8.845 8.889 8.366 8.696 8.561 8.505 7.349 8.088 7.790 7.367 6.932 8.956 8.794
12500.0 4.5 -1.5 8.853 8.895 8.376 8.704 8.569 8.514 7.358 8.094 7.798 7.376 6.941 8.962 8.801
12500.0 4.5 -1.0 8.861 8.902 8.383 8.711 8.576 8.521 7.364 8.100 7.804 7.382 6.946 8.969 8.809
12500.0 4.5 -0.5 8.873 8.913 8.394 8.722 8.587 8.531 7.372 8.108 7.812 7.389 6.953 8.979 8.819
12500.0 4.5 0.0 8.888 8.927 8.407 8.735 8.600 8.545 7.382 8.118 7.822 7.399 6.963 8.992 8.833
12500.0 4.5 0.3 8.899 8.938 8.417 8.746 8.611 8.555 7.390 8.127 7.830 7.407 6.970 9.003 8.844
12500.0 4.5 0.5 8.905 8.943 8.423 8.752 8.616 8.561 7.394 8.131 7.834 7.411 6.974 9.008 8.850
13000.0 0.5 -4.0 8.522 8.529 8.050 8.357 8.225 8.173 7.049 7.756 7.471 7.065 6.632 8.588 8.439
13000.0 0.5 -3.5 8.536 8.543 8.065 8.372 8.240 8.188 7.068 7.773 7.489 7.084 6.653 8.602 8.454
13000.0 0.5 -3.0 8.543 8.551 8.074 8.380 8.249 8.197 7.081 7.783 7.500 7.097 6.668 8.610 8.462
13000.0 0.5 -2.5 8.549 8.557 8.079 8.386 8.254 8.202 7.091 7.790 7.509 7.107 6.680 8.615 8.467
13000.0 0.5 -2.0 8.559 8.566 8.089 8.396 8.264 8.212 7.102 7.800 7.519 7.118 6.692 8.625 8.477
13000.0 0.5 -1.5 8.573 8.580 8.102 8.409 8.277 8.225 7.115 7.812 7.532 7.131 6.705 8.639 8.490
13000.0 0.5 -1.0 8.587 8.593 8.113 8.421 8.289 8.236 7.125 7.822 7.542 7.141 6.716 8.652 8.504
13000.0 0.5 -0.5 8.598 8.601 8.119 8.428 8.295 8.243 7.126 7.825 7.544 7.143 6.716 8.661 8.513
13000.0 0.5 0.0 8.636 8.637 8.150 8.462 8.328 8.275 7.150 7.853 7.570 7.167 6.739 8.698 8.550
13000.0 0.5 0.3 8.657 8.656 8.166 8.480 8.345 8.292 7.161 7.866 7.582 7.177 6.749 8.718 8.569
13000.0 0.5 0.5 8.672 8.672 8.180 8.494 8.359 8.306 7.169 7.876 7.591 7.186 6.756 8.733 8.585
13000.0 1.0 -4.0 8.667 8.680 8.186 8.502 8.366 8.312 7.169 7.892 7.598 7.184 6.746 8.742 8.592
13000.0 1.0 -3.5 8.679 8.693 8.199 8.515 8.379 8.325 7.186 7.906 7.613 7.201 6.765 8.754 8.604
13000.0 1.0 -3.0 8.690 8.704 8.212 8.527 8.392 8.338 7.203 7.920 7.629 7.219 6.784 8.766 8.615
13000.0 1.0 -2.5 8.696 8.711 8.220 8.534 8.399 8.346 7.214 7.929 7.639 7.230 6.798 8.772 8.621
13000.0 1.0 -2.0 8.707 8.721 8.231 8.545 8.410 8.357 7.227 7.939 7.651 7.243 6.810 8.782 8.631
13000.0 1.0 -1.5 8.720 8.734 8.244 8.557 8.423 8.370 7.239 7.952 7.664 7.255 6.823 8.795 8.644
13000.0 1.0 -1.0 8.733 8.747 8.255 8.569 8.435 8.381 7.250 7.962 7.674 7.266 6.834 8.808 8.657
13000.0 1.0 -0.5 8.743 8.756 8.262 8.577 8.442 8.389 7.253 7.967 7.678 7.269 6.837 8.817 8.667
13000.0 1.0 0.0 8.774 8.784 8.287 8.605 8.468 8.414 7.271 7.989 7.698 7.288 6.854 8.847 8.696
13000.0 1.0 0.3 8.793 8.802 8.302 8.621 8.484 8.430 7.282 8.001 7.710 7.299 6.864 8.865 8.714
13000.0 1.0 0.5 8.803 8.813 8.311 8.631 8.494 8.440 7.288 8.008 7.717 7.304 6.868 8.876 8.725
13000.0 1.5 -4.0 8.770 8.787 8.279 8.602 8.463 8.408 7.254 7.988 7.688 7.270 6.829 8.852 8.700
13000.0 1.5 -3.5 8.778 8.796 8.290 8.612 8.474 8.419 7.269 7.999 7.701 7.285 6.846 8.860 8.708
13000.0 1.5 -3.0 8.788 8.806 8.303 8.623 8.486 8.432 7.285 8.012 7.716 7.301 6.864 8.870 8.718
13000.0 1.5 -2.5 8.794 8.813 8.312 8.631 8.495 8.441 7.297 8.021 7.727 7.313 6.878 8.877 8.725
13000.0 1.5 -2.0 8.805 8.824 8.324 8.643 8.506 8.452 7.309 8.032 7.739 7.325 6.890 8.888 8.736
13000.0 1.5 -1.5 8.818 8.838 8.337 8.656 8.520 8.466 7.321 8.044 7.751 7.337 6.901 8.901 8.749
13000.0 1.5 -1.0 8.832 8.851 8.350 8.669 8.533 8.479 7.333 8.056 7.763 7.350 6.914 8.914 8.762
13000.0 1.5 -0.5 8.843 8.861 8.358 8.678 8.542 8.487 7.339 8.062 7.769 7.355 6.919 8.924 8.773
13000.0 1.5 0.0 8.871 8.887 8.379 8.702 8.564 8.509 7.353 8.080 7.785 7.370 6.932 8.951 8.799
13000.0 1.5 0.3 8.890 8.905 8.395 8.719 8.581 8.526 7.365 8.094 7.798 7.382 6.943 8.969 8.817
13000.0 1.5 0.5 8.900 8.914 8.403 8.728 8.589 8.534 7.370 8.100 7.804 7.387 6.947 8.979 8.828
13000.0 2.0 -4.0 8.807 8.828 8.309 8.638 8.497 8.441 7.282 8.023 7.719 7.298 6.856 8.896 8.742
13000.0 2.0 -3.5 8.815 8.836 8.321 8.648 8.508 8.453 7.297 8.034 7.733 7.313 6.874 8.903 8.750
13000.0 2.0 -3.0 8.823 8.845 8.333 8.658 8.519 8.464 7.312 8.045 7.746 7.328 6.890 8.911 8.758
13000.0 2.0 -2.5 8.830 8.852 8.344 8.666 8.529 8.474 7.325 8.054 7.757 7.341 6.905 8.918 8.765
13000.0 2.0 -2.0 8.842 8.864 8.357 8.679 8.542 8.487 7.337 8.065 7.769 7.353 6.916 8.929 8.777
13000.0 2.0 -1.5 8.854 8.876 8.368 8.691 8.554 8.499 7.346 8.076 7.780 7.363 6.925 8.941 8.788
13000.0 2.0 -1.0 8.869 8.891 8.384 8.707 8.570 8.515 7.361 8.090 7.795 7.378 6.941 8.956 8.803
13000.0 2.0 -0.5 8.881 8.903 8.394 8.717 8.580 8.525 7.369 8.098 7.802 7.385 6.948 8.967 8.815
13000.0 2.0 0.0 8.909 8.928 8.414 8.740 8.601 8.546 7.382 8.115 7.818 7.399 6.960 8.994 8.842
13000.0 2.0 0.3 8.926 8.945 8.431 8.758 8.619 8.564 7.396 8.130 7.833 7.413 6.973 9.010 8.858
13000.0 2.0 0.5 8.938 8.956 8.439 8.768 8.628 8.573 7.401 8.137 7.839 7.418 6.978 9.021 8.870
13000.0 2.5 -4.0 8.831 8.856 8.327 8.662 8.520 8.463 7.301 8.048 7.742 7.316 6.874 8.926 8.771
13000.0 2.5 -3.5 8.837 8.862 8.339 8.671 8.530 8.473 7.314 8.056 7.753 7.330 6.889 8.931 8.776
13000.0 2.5 -3.0 8.843 8.868 8.349 8.678 8.538 8.482 7.325 8.064 7.763 7.341 6.902 8.936 8.782
13000.0 2.5 -2.5 8.847 8.872 8.357 8.684 8.545 8.490 7.336 8.071 7.772 7.353 6.915 8.939 8.786
13000.0 2.5 -2.0 8.856 8.881 8.368 8.693 8.556 8.501 7.347 8.080 7.782 7.363 6.926 8.948 8.795
13000.0 2.5 -1.5 8.868 8.893 8.379 8.704 8.567 8.511 7.355 8.089 7.791 7.372 6.934 8.959 8.806
13000.0 2.5 -1.0 8.882 8.907 8.395 8.720 8.583 8.528 7.370 8.103 7.806 7.387 6.949 8.973 8.819
13000.0 2.5 -0.5 8.897 8.921 8.408 8.734 8.596 8.541 7.381 8.114 7.817 7.398 6.959 8.987 8.834
13000.0 2.5 0.0 8.914 8.937 8.422 8.748 8.610 8.555 7.391 8.125 7.828 7.408 6.969 9.002 8.850
13000.0 2.5 0.3 8.930 8.952 8.436 8.763 8.625 8.570 7.402 8.137 7.839 7.419 6.979 9.017 8.865
13000.0 2.5 0.5 8.938 8.959 8.442 8.770 8.632 8.576 7.406 8.142 7.844 7.423 6.983 9.024 8.873
13000.0 3.0 -4.0 8.850 8.879 8.342 8.682 8.539 8.481 7.316 8.068 7.761 7.332 6.891 8.949 8.792
13000.0 3.0 -3.5 8.854 8.883 8.352 8.688 8.547 8.490 7.328 8.074 7.770 7.344 6.904 8.952 8.796
13000.0 3.0 -3.0 8.858 8.887 8.361 8.694 8.554 8.498 7.338 8.081 7.778 7.354 6.915 8.956 8.800
13000.0 3.0 -2.5 8.862 8.891 8.371 8.700 8.561 8.505 7.349 8.087 7.787 7.366 6.929 8.959 8.804
13000.0 3.0 -2.0 8.872 8.900 8.381 8.709 8.571 8.515 7.358 8.095 7.795 7.375 6.937 8.967 8.813
13000.0 3.0 -1.5 8.888 8.914 8.394 8.724 8.585 8.529 7.368 8.106 7.806 7.385 6.947 8.982 8.827
13000.0 3.0 -1.0 8.897 8.924 8.408 8.735 8.597 8.542 7.381 8.117 7.819 7.398 6.960 8.990 8.836
13000.0 3.0 -0.5 8.911 8.937 8.421 8.748 8.611 8.555 7.391 8.127 7.829 7.408 6.969 9.004 8.850
13000.0 3.0 0.0 8.928 8.953 8.434 8.763 8.625 8.570 7.402 8.139 7.840 7.419 6.980 9.019 8.866
13000.0 3.0 0.3 8.944 8.969 8.449 8.779 8.641 8.585 7.414 8.151 7.853 7.431 6.991 9.034 8.881
13000.0 3.0 0.5 8.953 8.977 8.457 8.787 8.649 8.593 7.419 8.158 7.859 7.437 6.996 9.042 8.890
13000.0 3.5 -4.0 8.856 8.890 8.347 8.691 8.548 8.490 7.323 8.077 7.770 7.340 6.900 8.960 8.801
13000.0 3.5 -3.5 8.859 8.892 8.356 8.696 8.554 8.497 7.333 8.082 7.778 7.349 6.910 8.962 8.804
13000.0 3.5 -3.0 8.863 8.896 8.364 8.701 8.561 8.504 7.342 8.087 7.784 7.358 6.920 8.965 8.807
13000.0 3.5 -2.5 8.868 8.900 8.373 8.707 8.568 8.512 7.351 8.093 7.792 7.368 6.930 8.969 8.812
13000.0 3.5 -2.0 8.876 8.907 8.385 8.715 8.577 8.521 7.362 8.101 7.801 7.379 6.941 8.975 8.818
13000.0 3.5 -1.5 8.884 8.915 8.395 8.724 8.586 8.531 7.371 8.108 7.810 7.388 6.950 8.982 8.826
13000.0 3.5 -1.0 8.894 8.924 8.404 8.733 8.595 8.540 7.378 8.115 7.817 7.395 6.957 8.991 8.835
13000.0 3.5 -0.5 8.906 8.935 8.415 8.745 8.607 8.552 7.387 8.125 7.826 7.404 6.966 9.002 8.847
13000.0 3.5 0.0 8.923 8.951 8.431 8.760 8.623 8.567 7.399 8.137 7.839 7.416 6.977 9.018 8.863
13000.0 3.5 0.3 8.936 8.963 8.442 8.772 8.635 8.579 7.408 8.147 7.848 7.425 6.986 9.029 8.875
13000.0 3.5 0.5 8.943 8.970 8.449 8.779 8.641 8.586 7.413 8.152 7.853 7.431 6.990 9.035 8.882
13000.0 4.0 -4.0 8.859 8.898 8.353 8.698 8.556 8.498 7.330 8.084 7.778 7.346 6.909 8.968 8.806
13000.0 4.0 -3.5 8.861 8.899 8.361 8.701 8.561 8.504 7.339 8.088 7.784 7.355 6.918 8.968 8.808
13000.0 4.0 -3.0 8.865 8.902 8.368 8.706 8.566 8.510 7.346 8.092 7.790 7.363 6.925 8.971 8.811
13000.0 4.0 -2.5 8.870 8.906 8.376 8.711 8.573 8.516 7.354 8.097 7.796 7.371 6.934 8.974 8.815
13000.0 4.0 -2.0 8.878 8.912 8.387 8.719 8.582 8.526 7.364 8.104 7.805 7.382 6.945 8.980 8.822
13000.0 4.0 -1.5 8.886 8.920 8.397 8.727 8.590 8.535 7.372 8.111 7.813 7.390 6.952 8.987 8.829
13000.0 4.0 -1.0 8.895 8.928 8.405 8.736 8.598 8.543 7.379 8.118 7.819 7.396 6.958 8.995 8.838
13000.0 4.0 -0.5 8.907 8.939 8.415 8.746 8.609 8.553 7.387 8.126 7.827 7.404 6.966 9.006 8.848
13000.0 4.0 0.0 8.914 8.945 8.422 8.753 8.616 8.560 7.391 8.130 7.832 7.409 6.970 9.012 8.855
13000.0 4.0 0.3 8.936 8.966 8.443 8.774 8.636 8.581 7.408 8.148 7.849 7.426 6.986 9.032 8.876
13000.0 4.0 0.5 8.943 8.973 8.450 8.781 8.643 8.588 7.413 8.153 7.855 7.431 6.991 9.038 8.883
13000.0 4.5 -4.0 8.862 8.905 8.357 8.703 8.563 8.505 7.333 8.087 7.783 7.350 6.914 8.976 8.810
13000.0 4.5 -3.5 8.863 8.906 8.363 8.706 8.566 8.509 7.339 8.090 7.787 7.357 6.920 8.975 8.811
13000.0 4.5 -3.0 8.866 8.907 8.369 8.709 8.570 8.513 7.345 8.094 7.792 7.362 6.926 8.977 8.813
13000.0 4.5 -2.5 8.870 8.910 8.377 8.714 8.576 8.519 7.353 8.098 7.798 7.371 6.935 8.979 8.817
13000.0 4.5 -2.0 8.877 8.915 8.387 8.721 8.584 8.528 7.363 8.105 7.806 7.381 6.945 8.983 8.822
13000.0 4.5 -1.5 8.886 8.923 8.397 8.729 8.592 8.537 7.373 8.112 7.814 7.390 6.953 8.990 8.830
13000.0 4.5 -1.0 8.894 8.931 8.406 8.737 8.601 8.545 7.379 8.119 7.821 7.397 6.960 8.998 8.838
13000.0 4.5 -0.5 8.906 8.941 8.416 8.748 8.611 8.555 7.387 8.127 7.829 7.405 6.967 9.009 8.849
13000.0 4.5 0.0 8.923 8.956 8.431 8.763 8.626 8.570 7.399 8.139 7.841 7.416 6.978 9.023 8.864
13000.0 4.5 0.3 8.935 8.968 8.442 8.774 8.637 8.581 7.407 8.147 7.849 7.425 6.986 9.034 8.876
13000.0 4.5 0.5 8.941 8.974 8.448 8.780 8.643 8.587 7.412 8.152 7.854 7.429 6.990 9.039 8.881
13500.0 0.5 -4.0 8.564 8.565 8.083 8.393 8.260 8.207 7.079 7.787 7.501 7.094 6.660 8.625 8.477
13500.0 0.5 -3.5 8.575 8.577 8.096 8.405 8.272 8.220 7.095 7.801 7.516 7.111 6.679 8.636 8.488
13500.0 0.5 -3.0 8.581 8.584 8.103 8.411 8.279 8.227 7.107 7.810 7.527 7.123 6.693 8.643 8.495
13500.0 0.5 -2.5 8.585 8.588 8.107 8.416 8.283 8.231 7.115 7.815 7.534 7.131 6.703 8.647 8.499
13500.0 0.5 -2.0 8.593 8.595 8.114 8.423 8.290 8.238 7.124 7.822 7.541 7.140 6.713 8.654 8.506
13500.0 0.5 -1.5 8.603 8.604 8.122 8.432 8.299 8.246 7.133 7.831 7.550 7.149 6.723 8.663 8.516
13500.0 0.5 -1.0 8.617 8.617 8.133 8.443 8.310 8.257 7.141 7.840 7.559 7.158 6.732 8.676 8.528
13500.0 0.5 -0.5 8.622 8.620 8.133 8.445 8.311 8.258 7.137 7.837 7.555 7.153 6.726 8.680 8.532
13500.0 0.5 0.0 8.600 8.595 8.104 8.417 8.283 8.230 7.099 7.803 7.520 7.116 6.687 8.656 8.508
13500.0 0.5 0.3 8.644 8.637 8.143 8.458 8.323 8.269 7.133 7.839 7.554 7.149 6.720 8.699 8.550
13500.0 0.5 0.5 8.661 8.654 8.158 8.474 8.338 8.285 7.142 7.851 7.565 7.159 6.728 8.716 8.568
13500.0 1.0 -4.0 8.708 8.715 8.217 8.536 8.399 8.345 7.194 7.920 7.624 7.209 6.769 8.778 8.627
13500.0 1.0 -3.5 8.720 8.728 8.232 8.549 8.413 8.359 7.211 7.935 7.641 7.227 6.789 8.791 8.640
13500.0 1.0 -3.0 8.729 8.738 8.242 8.559 8.423 8.369 7.226 7.946 7.654 7.242 6.806 8.799 8.649
13500.0 1.0 -2.5 8.734 8.743 8.250 8.565 8.430 8.376 7.238 7.955 7.665 7.254 6.820 8.805 8.655
13500.0 1.0 -2.0 8.743 8.752 8.259 8.575 8.439 8.386 7.250 7.964 7.676 7.266 6.833 8.814 8.664
13500.0 1.0 -1.5 8.755 8.763 8.270 8.585 8.450 8.397 7.262 7.975 7.687 7.278 6.845 8.825 8.674
13500.0 1.0 -1.0 8.767 8.775 8.280 8.596 8.461 8.407 7.270 7.984 7.695 7.287 6.854 8.836 8.686
13500.0 1.0 -0.5 8.775 8.781 8.283 8.601 8.465 8.411 7.269 7.985 7.696 7.286 6.853 8.843 8.693
13500.0 1.0 0.0 8.770 8.774 8.272 8.593 8.455 8.401 7.251 7.971 7.680 7.268 6.833 8.837 8.686
13500.0 1.0 0.3 8.802 8.804 8.300 8.622 8.484 8.430 7.275 7.996 7.704 7.292 6.856 8.868 8.717
13500.0 1.0 0.5 8.814 8.816 8.310 8.633 8.495 8.440 7.281 8.005 7.712 7.298 6.862 8.880 8.729
13500.0 1.5 -4.0 8.807 8.819 8.307 8.633 8.493 8.438 7.275 8.013 7.711 7.291 6.848 8.885 8.732
13500.0 1.5 -3.5 8.816 8.829 8.320 8.644 8.505 8.450 7.291 8.025 7.725 7.307 6.866 8.894 8.742
13500.0 1.5 -3.0 8.826 8.839 8.332 8.655 8.516 8.462 7.306 8.037 7.739 7.322 6.884 8.904 8.752
13500.0 1.5 -2.5 8.832 8.845 8.341 8.662 8.525 8.470 7.319 8.046 7.751 7.336 6.899 8.909 8.758
13500.0 1.5 -2.0 8.842 8.856 8.353 8.673 8.536 8.482 7.332 8.057 7.763 7.348 6.912 8.920 8.768
13500.0 1.5 -1.5 8.855 8.869 8.366 8.686 8.549 8.495 7.345 8.069 7.776 7.362 6.926 8.932 8.780
13500.0 1.5 -1.0 8.867 8.880 8.376 8.697 8.560 8.506 7.354 8.079 7.786 7.371 6.935 8.944 8.792
13500.0 1.5 -0.5 8.878 8.890 8.383 8.706 8.568 8.513 7.358 8.084 7.790 7.375 6.938 8.954 8.802
13500.0 1.5 0.0 8.885 8.895 8.384 8.709 8.570 8.515 7.352 8.081 7.785 7.369 6.930 8.960 8.809
13500.0 1.5 0.3 8.911 8.920 8.407 8.733 8.594 8.538 7.371 8.102 7.806 7.388 6.949 8.985 8.833
13500.0 1.5 0.5 8.922 8.930 8.415 8.743 8.603 8.547 7.376 8.109 7.812 7.393 6.953 8.996 8.844
13500.0 2.0 -4.0 8.843 8.859 8.336 8.668 8.525 8.469 7.301 8.046 7.741 7.317 6.873 8.927 8.773
13500.0 2.0 -3.5 8.851 8.868 8.349 8.678 8.537 8.482 7.317 8.057 7.755 7.334 6.892 8.935 8.782
13500.0 2.0 -3.0 8.859 8.876 8.361 8.688 8.548 8.493 7.332 8.068 7.768 7.348 6.909 8.943 8.790
13500.0 2.0 -2.5 8.867 8.884 8.373 8.697 8.559 8.504 7.347 8.079 7.781 7.363 6.926 8.950 8.798
13500.0 2.0 -2.0 8.878 8.895 8.385 8.709 8.571 8.516 7.359 8.090 7.793 7.375 6.938 8.961 8.808
13500.0 2.0 -1.5 8.889 8.907 8.398 8.722 8.584 8.530 7.372 8.102 7.806 7.389 6.951 8.972 8.819
13500.0 2.0 -1.0 8.904 8.921 8.412 8.735 8.598 8.543 7.383 8.113 7.818 7.400 6.962 8.986 8.834
13500.0 2.0 -0.5 8.918 8.934 8.422 8.747 8.609 8.554 7.390 8.121 7.825 7.407 6.968 8.999 8.847
13500.0 2.0 0.0 8.929 8.942 8.424 8.753 8.613 8.557 7.386 8.122 7.823 7.403 6.963 9.008 8.857
13500.0 2.0 0.3 8.952 8.964 8.447 8.776 8.636 8.581 7.408 8.143 7.845 7.425 6.984 9.030 8.879
13500.0 2.0 0.5 8.965 8.976 8.456 8.787 8.646 8.590 7.413 8.150 7.851 7.430 6.989 9.042 8.891
13500.0 2.5 -4.0 8.865 8.885 8.353 8.690 8.547 8.490 7.318 8.068 7.761 7.334 6.891 8.955 8.800
13500.0 2.5 -3.5 8.872 8.892 8.365 8.699 8.557 8.501 7.333 8.078 7.774 7.349 6.908 8.960 8.806
13500.0 2.5 -3.0 8.878 8.898 8.376 8.707 8.567 8.511 7.345 8.087 7.785 7.362 6.921 8.966 8.813
13500.0 2.5 -2.5 8.883 8.904 8.387 8.714 8.575 8.520 7.358 8.095 7.795 7.375 6.936 8.971 8.818
13500.0 2.5 -2.0 8.893 8.914 8.399 8.725 8.587 8.532 7.371 8.105 7.807 7.388 6.949 8.980 8.827
13500.0 2.5 -1.5 8.905 8.925 8.411 8.737 8.599 8.544 7.382 8.116 7.818 7.399 6.960 8.991 8.838
13500.0 2.5 -1.0 8.917 8.936 8.423 8.749 8.611 8.556 7.392 8.126 7.828 7.409 6.970 9.003 8.850
13500.0 2.5 -0.5 8.929 8.948 8.433 8.760 8.622 8.567 7.400 8.134 7.837 7.417 6.978 9.014 8.861
13500.0 2.5 0.0 8.939 8.957 8.439 8.767 8.629 8.573 7.403 8.139 7.840 7.420 6.980 9.023 8.871
13500.0 2.5 0.3 8.958 8.975 8.456 8.785 8.646 8.591 7.417 8.154 7.855 7.434 6.993 9.040 8.889
13500.0 2.5 0.5 8.966 8.982 8.462 8.792 8.653 8.597 7.421 8.159 7.860 7.438 6.997 9.048 8.896
13500.0 3.0 -4.0 8.883 8.907 8.367 8.709 8.565 8.508 7.334 8.088 7.780 7.350 6.907 8.977 8.821
13500.0 3.0 -3.5 8.887 8.911 8.379 8.716 8.574 8.517 7.347 8.095 7.790 7.364 6.922 8.981 8.825
13500.0 3.0 -3.0 8.893 8.917 8.389 8.723 8.582 8.526 7.358 8.103 7.800 7.375 6.934 8.985 8.830
