WFIRST_fluxes_BTSettlAGSS2009.txt
# %ECSV 0.9
# ---
# datatype:
# - {name: teff, unit: K, datatype: float64}
# - {name: logg, unit: dex, datatype: float64}
# - {name: mh, unit: dex, datatype: float64}
# - {name: STIS_50CCD, unit: 'log [W/m2/um] at surface', datatype: float64, format: .3f}
# - {name: CGI_narrow, unit: 'log [W/m2/um] at surface', datatype: float64, format: .3f}
# - {name: CGI_wide, unit: 'log [W/m2/um] at surface', datatype: float64, format: .3f}
# - {name: CGI_IFS660, unit: 'log [W/m2/um] at surface', datatype: float64, format: .3f}
# - {name: CGI_IFS730, unit: 'log [W/m2/um] at surface', datatype: float64, format: .3f}
# - {name: CGI_IFS760, unit: 'log [W/m2/um] at surface', datatype: float64, format: .3f}
# - {name: 2MASS_H, unit: 'log [W/m2/um] at surface', datatype: float64, format: .3f}
# - {name: UKIDSS_Y, unit: 'log [W/m2/um] at surface', datatype: float64, format: .3f}
# - {name: MKO_J, unit: 'log [W/m2/um] at surface', datatype: float64, format: .3f}
# - {name: MKO_H, unit: 'log [W/m2/um] at surface', datatype: float64, format: .3f}
# - {name: MKO_Ks, unit: 'log [W/m2/um] at surface', datatype: float64, format: .3f}
# schema: astropy-2.0
teff logg mh STIS_50CCD CGI_narrow CGI_wide CGI_IFS660 CGI_IFS730 CGI_IFS760 2MASS_H UKIDSS_Y MKO_J MKO_H MKO_Ks
[from data line 8602]
10800.0 4.0 -3.0 8.709 8.769 8.255 8.579 8.447 8.393 7.272 8.002 7.707 7.289 6.860
10800.0 4.0 -2.5 8.712 8.772 8.259 8.583 8.451 8.396 7.276 8.004 7.710 7.292 6.864
10800.0 4.0 -2.0 8.717 8.776 8.266 8.588 8.456 8.402 7.281 8.009 7.715 7.298 6.869
10800.0 4.0 -1.5 8.724 8.781 8.273 8.594 8.462 8.408 7.287 8.014 7.720 7.303 6.875
10800.0 4.0 -1.0 8.731 8.788 8.279 8.600 8.469 8.415 7.291 8.018 7.725 7.308 6.879
10800.0 4.0 -0.5 8.738 8.795 8.286 8.608 8.476 8.422 7.297 8.024 7.730 7.313 6.884
10800.0 4.0 0.0 8.743 8.799 8.291 8.612 8.481 8.427 7.300 8.026 7.733 7.316 6.886
10800.0 4.0 0.3 8.757 8.813 8.304 8.626 8.494 8.440 7.310 8.037 7.744 7.327 6.896
10800.0 4.0 0.5 8.762 8.818 8.309 8.631 8.499 8.445 7.314 8.041 7.747 7.330 6.900
10800.0 4.5 -4.0 8.710 8.775 8.259 8.584 8.453 8.398 7.274 8.004 7.711 7.291 6.864
10800.0 4.5 -3.5 8.711 8.775 8.261 8.585 8.454 8.399 7.276 8.005 7.712 7.293 6.865
10800.0 4.5 -3.0 8.712 8.777 8.263 8.586 8.456 8.401 7.278 8.006 7.714 7.295 6.867
10800.0 4.5 -2.5 8.714 8.778 8.266 8.588 8.458 8.404 7.280 8.008 7.716 7.297 6.870
10800.0 4.5 -2.0 8.718 8.781 8.271 8.592 8.462 8.408 7.285 8.012 7.720 7.302 6.874
10800.0 4.5 -1.5 8.724 8.786 8.277 8.598 8.468 8.414 7.290 8.016 7.724 7.307 6.879
10800.0 4.5 -1.0 8.731 8.792 8.283 8.604 8.474 8.419 7.294 8.020 7.728 7.311 6.882
10800.0 4.5 -0.5 8.738 8.799 8.289 8.611 8.480 8.426 7.298 8.026 7.733 7.315 6.886
10800.0 4.5 0.0 8.748 8.809 8.299 8.620 8.490 8.435 7.305 8.032 7.740 7.322 6.893
10800.0 4.5 0.3 8.756 8.817 8.306 8.628 8.497 8.443 7.310 8.038 7.745 7.328 6.898
10800.0 4.5 0.5 8.760 8.821 8.310 8.633 8.502 8.447 7.314 8.041 7.749 7.331 6.901
11000.0 0.0 -4.0 8.032 8.055 7.610 7.898 7.774 7.725 6.658 7.333 7.062 6.673 6.256
11000.0 0.0 -3.5 8.052 8.075 7.630 7.918 7.794 7.745 6.681 7.354 7.085 6.696 6.280
11000.0 0.0 -3.0 8.078 8.101 7.655 7.944 7.820 7.770 6.709 7.381 7.113 6.725 6.311
11000.0 0.0 -2.5 8.092 8.115 7.669 7.957 7.833 7.784 6.726 7.396 7.128 6.741 6.329
11000.0 0.0 -2.0 8.115 8.138 7.692 7.980 7.856 7.807 6.750 7.419 7.152 6.765 6.353
11000.0 0.0 -1.5 8.142 8.165 7.718 8.007 7.882 7.833 6.775 7.445 7.178 6.791 6.379
11000.0 0.0 -1.0 8.172 8.194 7.745 8.035 7.910 7.861 6.800 7.470 7.203 6.816 6.404
11000.0 0.0 -0.5 8.202 8.223 7.771 8.062 7.937 7.887 6.823 7.494 7.226 6.838 6.426
11000.0 0.0 0.0 8.236 8.255 7.800 8.093 7.967 7.917 6.844 7.518 7.249 6.860 6.447
11000.0 0.0 0.3 8.262 8.280 7.821 8.116 7.989 7.939 6.859 7.535 7.265 6.874 6.460
11000.0 0.0 0.5 8.282 8.302 7.841 8.137 8.009 7.959 6.874 7.553 7.281 6.890 6.475
11000.0 0.5 -4.0 8.330 8.362 7.902 8.197 8.070 8.019 6.929 7.623 7.341 6.944 6.517
11000.0 0.5 -3.5 8.343 8.375 7.915 8.210 8.083 8.032 6.945 7.637 7.357 6.960 6.536
11000.0 0.5 -3.0 8.360 8.392 7.932 8.228 8.101 8.050 6.966 7.656 7.377 6.981 6.559
11000.0 0.5 -2.5 8.374 8.407 7.948 8.243 8.116 8.066 6.984 7.672 7.395 6.999 6.578
11000.0 0.5 -2.0 8.393 8.425 7.966 8.261 8.135 8.084 7.003 7.691 7.414 7.018 6.597
11000.0 0.5 -1.5 8.412 8.445 7.985 8.281 8.154 8.103 7.021 7.709 7.432 7.037 6.615
11000.0 0.5 -1.0 8.433 8.466 8.005 8.301 8.174 8.123 7.038 7.727 7.450 7.054 6.632
11000.0 0.5 -0.5 8.456 8.489 8.025 8.323 8.195 8.144 7.055 7.745 7.467 7.070 6.648
11000.0 0.5 0.0 8.482 8.514 8.046 8.346 8.217 8.166 7.070 7.763 7.484 7.086 6.662
11000.0 0.5 0.3 8.504 8.536 8.065 8.367 8.237 8.186 7.084 7.779 7.499 7.099 6.675
11000.0 0.5 0.5 8.518 8.550 8.078 8.381 8.251 8.199 7.094 7.791 7.510 7.109 6.684
11000.0 1.0 -4.0 8.493 8.530 8.054 8.357 8.226 8.174 7.069 7.779 7.488 7.084 6.652
11000.0 1.0 -3.5 8.502 8.540 8.065 8.368 8.237 8.185 7.084 7.790 7.502 7.099 6.669
11000.0 1.0 -3.0 8.514 8.552 8.079 8.381 8.251 8.199 7.100 7.804 7.517 7.115 6.687
11000.0 1.0 -2.5 8.525 8.564 8.092 8.394 8.264 8.212 7.116 7.817 7.533 7.131 6.705
11000.0 1.0 -2.0 8.541 8.580 8.109 8.410 8.281 8.229 7.133 7.833 7.549 7.148 6.721
11000.0 1.0 -1.5 8.558 8.598 8.125 8.427 8.298 8.246 7.148 7.849 7.565 7.163 6.736
11000.0 1.0 -1.0 8.575 8.615 8.141 8.444 8.314 8.262 7.161 7.863 7.579 7.176 6.748
11000.0 1.0 -0.5 8.594 8.634 8.157 8.462 8.332 8.279 7.174 7.878 7.593 7.189 6.761
11000.0 1.0 0.0 8.616 8.656 8.175 8.482 8.351 8.299 7.186 7.893 7.607 7.202 6.773
11000.0 1.0 0.3 8.635 8.674 8.191 8.500 8.368 8.315 7.198 7.907 7.620 7.214 6.783
11000.0 1.0 0.5 8.645 8.685 8.201 8.510 8.378 8.325 7.205 7.915 7.628 7.221 6.790
11000.0 1.5 -4.0 8.611 8.651 8.161 8.471 8.337 8.284 7.170 7.891 7.594 7.185 6.749
11000.0 1.5 -3.5 8.616 8.657 8.170 8.479 8.346 8.292 7.182 7.899 7.605 7.196 6.763
11000.0 1.5 -3.0 8.624 8.666 8.180 8.488 8.356 8.303 7.194 7.909 7.616 7.209 6.777
11000.0 1.5 -2.5 8.632 8.674 8.192 8.498 8.367 8.314 7.208 7.919 7.629 7.224 6.794
11000.0 1.5 -2.0 8.645 8.687 8.205 8.512 8.381 8.328 7.221 7.931 7.642 7.236 6.806
11000.0 1.5 -1.5 8.660 8.702 8.219 8.527 8.395 8.343 7.232 7.944 7.655 7.248 6.817
11000.0 1.5 -1.0 8.675 8.718 8.233 8.542 8.410 8.357 7.244 7.957 7.667 7.260 6.828
11000.0 1.5 -0.5 8.693 8.736 8.248 8.558 8.426 8.373 7.256 7.970 7.680 7.271 6.839
11000.0 1.5 0.0 8.713 8.756 8.264 8.577 8.444 8.390 7.267 7.983 7.692 7.283 6.850
11000.0 1.5 0.3 8.730 8.773 8.279 8.593 8.460 8.406 7.277 7.995 7.704 7.293 6.859
11000.0 1.5 0.5 8.739 8.782 8.287 8.602 8.468 8.414 7.283 8.003 7.710 7.299 6.865
11000.0 2.0 -4.0 8.658 8.701 8.199 8.516 8.380 8.325 7.208 7.936 7.636 7.223 6.787
11000.0 2.0 -3.5 8.663 8.707 8.207 8.523 8.388 8.334 7.218 7.943 7.645 7.232 6.798
11000.0 2.0 -3.0 8.668 8.712 8.216 8.530 8.396 8.342 7.227 7.950 7.654 7.242 6.809
11000.0 2.0 -2.5 8.675 8.719 8.229 8.539 8.407 8.354 7.242 7.959 7.667 7.258 6.826
11000.0 2.0 -2.0 8.685 8.730 8.239 8.550 8.418 8.365 7.251 7.968 7.676 7.267 6.835
11000.0 2.0 -1.5 8.699 8.744 8.253 8.564 8.432 8.379 7.262 7.980 7.688 7.278 6.846
11000.0 2.0 -1.0 8.713 8.758 8.266 8.578 8.446 8.392 7.273 7.991 7.699 7.289 6.856
11000.0 2.0 -0.5 8.731 8.776 8.281 8.595 8.462 8.409 7.285 8.005 7.712 7.301 6.867
11000.0 2.0 0.0 8.750 8.795 8.297 8.613 8.479 8.425 7.296 8.018 7.724 7.312 6.878
11000.0 2.0 0.3 8.766 8.811 8.311 8.629 8.495 8.441 7.307 8.030 7.736 7.323 6.889
11000.0 2.0 0.5 8.777 8.823 8.320 8.639 8.505 8.450 7.313 8.037 7.743 7.329 6.894
11000.0 2.5 -4.0 8.688 8.735 8.223 8.546 8.409 8.354 7.234 7.967 7.666 7.249 6.814
11000.0 2.5 -3.5 8.691 8.738 8.230 8.551 8.415 8.360 7.240 7.971 7.672 7.256 6.821
11000.0 2.5 -3.0 8.695 8.742 8.236 8.556 8.421 8.366 7.247 7.976 7.678 7.263 6.829
11000.0 2.5 -2.5 8.700 8.747 8.246 8.563 8.429 8.375 7.258 7.983 7.687 7.274 6.841
11000.0 2.5 -2.0 8.708 8.754 8.256 8.571 8.438 8.384 7.267 7.990 7.695 7.283 6.851
11000.0 2.5 -1.5 8.717 8.763 8.266 8.581 8.448 8.394 7.275 7.998 7.703 7.291 6.859
11000.0 2.5 -1.0 8.727 8.774 8.276 8.591 8.458 8.405 7.283 8.006 7.712 7.299 6.867
11000.0 2.5 -0.5 8.741 8.788 8.289 8.605 8.472 8.418 7.294 8.017 7.723 7.310 6.877
11000.0 2.5 0.0 8.756 8.803 8.302 8.619 8.486 8.432 7.304 8.027 7.733 7.320 6.887
11000.0 2.5 0.3 8.769 8.816 8.314 8.632 8.498 8.444 7.312 8.037 7.743 7.329 6.895
11000.0 2.5 0.5 8.776 8.823 8.320 8.639 8.505 8.451 7.317 8.042 7.747 7.333 6.899
11000.0 3.0 -4.0 8.708 8.759 8.241 8.568 8.431 8.376 7.254 7.989 7.688 7.269 6.836
11000.0 3.0 -3.5 8.711 8.761 8.247 8.572 8.436 8.381 7.259 7.992 7.693 7.275 6.842
11000.0 3.0 -3.0 8.714 8.764 8.252 8.576 8.440 8.386 7.265 7.996 7.697 7.280 6.848
11000.0 3.0 -2.5 8.718 8.768 8.262 8.582 8.448 8.394 7.274 8.001 7.705 7.290 6.858
11000.0 3.0 -2.0 8.726 8.775 8.271 8.590 8.457 8.403 7.282 8.008 7.713 7.298 6.867
11000.0 3.0 -1.5 8.736 8.785 8.282 8.600 8.467 8.413 7.291 8.016 7.721 7.307 6.875
11000.0 3.0 -1.0 8.744 8.793 8.290 8.608 8.475 8.421 7.297 8.022 7.727 7.313 6.881
11000.0 3.0 -0.5 8.756 8.805 8.301 8.620 8.486 8.432 7.305 8.031 7.736 7.321 6.889
11000.0 3.0 0.0 8.771 8.819 8.314 8.633 8.500 8.445 7.315 8.041 7.746 7.331 6.899
11000.0 3.0 0.3 8.782 8.831 8.325 8.646 8.512 8.458 7.324 8.050 7.756 7.340 6.906
11000.0 3.0 0.5 8.791 8.840 8.333 8.654 8.520 8.466 7.329 8.056 7.761 7.346 6.912
11000.0 3.5 -4.0 8.717 8.772 8.251 8.580 8.445 8.389 7.265 8.000 7.702 7.281 6.850
11000.0 3.5 -3.5 8.719 8.773 8.255 8.583 8.448 8.393 7.269 8.003 7.705 7.285 6.854
11000.0 3.5 -3.0 8.721 8.775 8.260 8.586 8.451 8.397 7.274 8.005 7.708 7.290 6.859
11000.0 3.5 -2.5 8.725 8.778 8.266 8.590 8.456 8.401 7.279 8.009 7.712 7.295 6.864
11000.0 3.5 -2.0 8.730 8.782 8.273 8.595 8.462 8.407 7.285 8.013 7.718 7.301 6.871
11000.0 3.5 -1.5 8.737 8.789 8.282 8.602 8.469 8.415 7.292 8.019 7.725 7.309 6.878
11000.0 3.5 -1.0 8.745 8.796 8.289 8.610 8.477 8.423 7.298 8.025 7.730 7.314 6.883
11000.0 3.5 -0.5 8.754 8.806 8.298 8.619 8.486 8.432 7.304 8.032 7.737 7.321 6.889
11000.0 3.5 0.0 8.765 8.816 8.307 8.629 8.496 8.441 7.311 8.039 7.744 7.328 6.896
11000.0 3.5 0.3 8.775 8.826 8.317 8.639 8.506 8.451 7.319 8.046 7.752 7.335 6.903
11000.0 3.5 0.5 8.780 8.831 8.322 8.644 8.511 8.457 7.323 8.050 7.756 7.339 6.906
11000.0 4.0 -4.0 8.722 8.781 8.260 8.589 8.455 8.400 7.274 8.008 7.711 7.290 6.861
11000.0 4.0 -3.5 8.721 8.780 8.263 8.589 8.456 8.401 7.276 8.008 7.713 7.292 6.863
11000.0 4.0 -3.0 8.723 8.782 8.266 8.591 8.459 8.404 7.279 8.010 7.715 7.295 6.866
11000.0 4.0 -2.5 8.727 8.784 8.270 8.595 8.462 8.408 7.283 8.013 7.718 7.299 6.870
11000.0 4.0 -2.0 8.731 8.788 8.277 8.599 8.467 8.413 7.288 8.017 7.723 7.305 6.876
11000.0 4.0 -1.5 8.738 8.794 8.284 8.606 8.474 8.420 7.294 8.022 7.728 7.311 6.881
11000.0 4.0 -1.0 8.745 8.801 8.290 8.613 8.480 8.426 7.299 8.027 7.733 7.315 6.885
11000.0 4.0 -0.5 8.754 8.809 8.298 8.621 8.489 8.434 7.305 8.033 7.739 7.322 6.891
11000.0 4.0 0.0 8.760 8.815 8.303 8.626 8.494 8.439 7.307 8.036 7.742 7.324 6.893
11000.0 4.0 0.3 8.774 8.828 8.317 8.640 8.508 8.453 7.319 8.047 7.753 7.336 6.904
11000.0 4.0 0.5 8.780 8.834 8.323 8.647 8.514 8.459 7.323 8.052 7.758 7.340 6.908
11000.0 4.5 -4.0 8.727 8.790 8.270 8.597 8.465 8.410 7.281 8.013 7.719 7.298 6.870
11000.0 4.5 -3.5 8.727 8.790 8.272 8.598 8.466 8.412 7.283 8.014 7.721 7.300 6.871
11000.0 4.5 -3.0 8.729 8.791 8.275 8.600 8.468 8.414 7.285 8.016 7.723 7.302 6.874
11000.0 4.5 -2.5 8.730 8.792 8.278 8.602 8.470 8.416 7.288 8.018 7.725 7.305 6.876
11000.0 4.5 -2.0 8.734 8.795 8.283 8.605 8.475 8.420 7.293 8.021 7.729 7.310 6.881
11000.0 4.5 -1.5 8.740 8.800 8.289 8.611 8.480 8.426 7.298 8.026 7.733 7.315 6.886
11000.0 4.5 -1.0 8.747 8.806 8.295 8.617 8.486 8.432 7.302 8.030 7.737 7.319 6.889
11000.0 4.5 -0.5 8.755 8.814 8.302 8.625 8.494 8.439 7.307 8.036 7.743 7.324 6.894
11000.0 4.5 0.0 8.765 8.823 8.310 8.634 8.502 8.448 7.313 8.042 7.749 7.330 6.900
11000.0 4.5 0.3 8.774 8.832 8.319 8.643 8.511 8.457 7.320 8.049 7.756 7.337 6.906
11000.0 4.5 0.5 8.779 8.837 8.324 8.648 8.516 8.461 7.323 8.052 7.759 7.340 6.909
11200.0 0.0 -4.0 8.057 8.077 7.630 7.919 7.795 7.746 6.675 7.351 7.080 6.690 6.272
11200.0 0.0 -3.5 8.078 8.098 7.651 7.940 7.816 7.766 6.698 7.373 7.103 6.713 6.297
11200.0 0.0 -3.0 8.101 8.121 7.673 7.963 7.838 7.789 6.725 7.398 7.129 6.740 6.326
11200.0 0.0 -2.5 8.112 8.133 7.685 7.974 7.850 7.800 6.739 7.410 7.142 6.755 6.341
11200.0 0.0 -2.0 8.134 8.155 7.706 7.996 7.871 7.822 6.762 7.432 7.165 6.777 6.365
11200.0 0.0 -1.5 8.160 8.180 7.730 8.021 7.896 7.846 6.786 7.456 7.189 6.801 6.389
11200.0 0.0 -1.0 8.189 8.207 7.756 8.047 7.922 7.872 6.809 7.480 7.213 6.825 6.413
11200.0 0.0 -0.5 8.218 8.236 7.782 8.074 7.948 7.898 6.831 7.503 7.235 6.846 6.434
11200.0 0.0 0.0 8.251 8.268 7.810 8.104 7.977 7.927 6.851 7.526 7.257 6.867 6.453
11200.0 0.0 0.3 8.278 8.293 7.831 8.127 8.000 7.950 6.866 7.544 7.273 6.882 6.467
11200.0 0.0 0.5 8.298 8.314 7.851 8.148 8.020 7.970 6.881 7.561 7.289 6.897 6.482
11200.0 0.5 -4.0 8.350 8.379 7.917 8.214 8.086 8.035 6.941 7.636 7.354 6.956 6.529
11200.0 0.5 -3.5 8.363 8.392 7.930 8.227 8.099 8.048 6.957 7.650 7.370 6.972 6.547
11200.0 0.5 -3.0 8.380 8.409 7.948 8.244 8.117 8.066 6.978 7.669 7.390 6.993 6.570
11200.0 0.5 -2.5 8.394 8.423 7.962 8.259 8.131 8.081 6.995 7.685 7.407 7.011 6.589
11200.0 0.5 -2.0 8.411 8.441 7.979 8.276 8.149 8.098 7.013 7.702 7.425 7.029 6.607
11200.0 0.5 -1.5 8.430 8.460 7.998 8.295 8.167 8.116 7.031 7.720 7.443 7.046 6.624
11200.0 0.5 -1.0 8.450 8.480 8.016 8.314 8.186 8.135 7.047 7.737 7.460 7.063 6.641
11200.0 0.5 -0.5 8.473 8.502 8.036 8.335 8.207 8.156 7.064 7.755 7.477 7.079 6.656
11200.0 0.5 0.0 8.499 8.527 8.058 8.359 8.230 8.178 7.079 7.773 7.493 7.094 6.670
11200.0 0.5 0.3 8.521 8.549 8.076 8.379 8.249 8.198 7.092 7.789 7.508 7.108 6.683
11200.0 0.5 0.5 8.535 8.564 8.090 8.394 8.263 8.212 7.102 7.800 7.519 7.118 6.693
11200.0 1.0 -4.0 8.511 8.545 8.067 8.372 8.240 8.188 7.079 7.790 7.499 7.094 6.661
11200.0 1.0 -3.5 8.520 8.555 8.079 8.383 8.251 8.199 7.094 7.801 7.512 7.109 6.679
11200.0 1.0 -3.0 8.531 8.567 8.092 8.395 8.265 8.213 7.110 7.815 7.528 7.125 6.697
11200.0 1.0 -2.5 8.543 8.579 8.106 8.408 8.278 8.226 7.126 7.829 7.544 7.142 6.714
11200.0 1.0 -2.0 8.559 8.596 8.122 8.425 8.295 8.243 7.143 7.845 7.560 7.158 6.731
11200.0 1.0 -1.5 8.576 8.612 8.138 8.441 8.311 8.259 7.157 7.860 7.575 7.172 6.745
11200.0 1.0 -1.0 8.592 8.629 8.153 8.457 8.327 8.275 7.170 7.874 7.589 7.186 6.757
11200.0 1.0 -0.5 8.611 8.648 8.170 8.475 8.345 8.292 7.183 7.888 7.603 7.199 6.770
11200.0 1.0 0.0 8.633 8.670 8.188 8.496 8.364 8.311 7.195 7.903 7.617 7.211 6.781
11200.0 1.0 0.3 8.652 8.688 8.203 8.513 8.381 8.328 7.207 7.917 7.629 7.223 6.792
11200.0 1.0 0.5 8.662 8.699 8.213 8.523 8.391 8.338 7.214 7.925 7.637 7.230 6.799
11200.0 1.5 -4.0 8.627 8.665 8.173 8.485 8.350 8.296 7.178 7.900 7.603 7.193 6.757
11200.0 1.5 -3.5 8.633 8.671 8.182 8.493 8.359 8.305 7.190 7.909 7.614 7.205 6.771
11200.0 1.5 -3.0 8.641 8.680 8.193 8.502 8.369 8.316 7.203 7.919 7.626 7.218 6.786
11200.0 1.5 -2.5 8.649 8.689 8.205 8.512 8.380 8.328 7.217 7.930 7.639 7.233 6.803
11200.0 1.5 -2.0 8.662 8.702 8.218 8.526 8.394 8.342 7.230 7.942 7.652 7.246 6.815
11200.0 1.5 -1.5 8.677 8.718 8.233 8.541 8.409 8.356 7.242 7.955 7.665 7.258 6.826
11200.0 1.5 -1.0 8.692 8.733 8.246 8.556 8.424 8.371 7.253 7.967 7.677 7.269 6.837
11200.0 1.5 -0.5 8.710 8.750 8.261 8.573 8.440 8.387 7.265 7.980 7.690 7.281 6.848
11200.0 1.5 0.0 8.730 8.771 8.277 8.591 8.457 8.404 7.276 7.994 7.702 7.292 6.858
11200.0 1.5 0.3 8.747 8.787 8.292 8.607 8.473 8.419 7.286 8.006 7.714 7.302 6.868
11200.0 1.5 0.5 8.757 8.797 8.300 8.616 8.482 8.428 7.293 8.013 7.721 7.309 6.874
11200.0 2.0 -4.0 8.673 8.714 8.210 8.529 8.392 8.337 7.215 7.945 7.644 7.230 6.793
11200.0 2.0 -3.5 8.678 8.720 8.219 8.536 8.400 8.346 7.225 7.952 7.653 7.240 6.805
11200.0 2.0 -3.0 8.684 8.726 8.228 8.543 8.408 8.354 7.235 7.959 7.663 7.251 6.817
11200.0 2.0 -2.5 8.691 8.733 8.241 8.553 8.420 8.367 7.251 7.969 7.676 7.267 6.835
11200.0 2.0 -2.0 8.702 8.744 8.252 8.564 8.431 8.378 7.260 7.979 7.686 7.276 6.844
11200.0 2.0 -1.5 8.716 8.759 8.265 8.578 8.445 8.392 7.271 7.990 7.697 7.287 6.854
11200.0 2.0 -1.0 8.730 8.773 8.279 8.592 8.459 8.406 7.282 8.002 7.709 7.298 6.864
11200.0 2.0 -0.5 8.748 8.791 8.294 8.610 8.476 8.422 7.294 8.015 7.722 7.310 6.876
11200.0 2.0 0.0 8.769 8.811 8.310 8.628 8.494 8.439 7.305 8.029 7.735 7.321 6.887
11200.0 2.0 0.3 8.784 8.826 8.325 8.643 8.509 8.454 7.316 8.041 7.746 7.332 6.897
11200.0 2.0 0.5 8.795 8.838 8.333 8.653 8.519 8.464 7.322 8.048 7.753 7.339 6.903
11200.0 2.5 -4.0 8.703 8.748 8.234 8.559 8.421 8.365 7.240 7.975 7.673 7.255 6.819
11200.0 2.5 -3.5 8.707 8.752 8.241 8.563 8.426 8.371 7.247 7.980 7.679 7.262 6.827
11200.0 2.5 -3.0 8.711 8.755 8.248 8.569 8.432 8.378 7.254 7.985 7.686 7.270 6.835
11200.0 2.5 -2.5 8.716 8.761 8.258 8.576 8.442 8.387 7.266 7.992 7.696 7.282 6.849
11200.0 2.5 -2.0 8.724 8.768 8.268 8.585 8.451 8.397 7.275 7.999 7.704 7.291 6.858
11200.0 2.5 -1.5 8.733 8.778 8.278 8.594 8.461 8.407 7.283 8.007 7.712 7.299 6.866
11200.0 2.5 -1.0 8.744 8.789 8.288 8.605 8.472 8.418 7.292 8.016 7.721 7.308 6.875
11200.0 2.5 -0.5 8.759 8.803 8.301 8.619 8.485 8.431 7.302 8.027 7.732 7.318 6.885
