WFIRST_fluxes_BTSettlAGSS2009.txt
# %ECSV 0.9
# ---
# datatype:
# - {name: teff, unit: K, datatype: float64}
# - {name: logg, unit: dex, datatype: float64}
# - {name: mh, unit: dex, datatype: float64}
# - {name: STIS_50CCD, unit: 'log [W/m2/um] at surface', datatype: float64, format: .3f}
# - {name: CGI_narrow, unit: 'log [W/m2/um] at surface', datatype: float64, format: .3f}
# - {name: CGI_wide, unit: 'log [W/m2/um] at surface', datatype: float64, format: .3f}
# - {name: CGI_IFS660, unit: 'log [W/m2/um] at surface', datatype: float64, format: .3f}
# - {name: CGI_IFS730, unit: 'log [W/m2/um] at surface', datatype: float64, format: .3f}
# - {name: CGI_IFS760, unit: 'log [W/m2/um] at surface', datatype: float64, format: .3f}
# - {name: 2MASS_H, unit: 'log [W/m2/um] at surface', datatype: float64, format: .3f}
# - {name: UKIDSS_Y, unit: 'log [W/m2/um] at surface', datatype: float64, format: .3f}
# - {name: MKO_J, unit: 'log [W/m2/um] at surface', datatype: float64, format: .3f}
# - {name: MKO_H, unit: 'log [W/m2/um] at surface', datatype: float64, format: .3f}
# - {name: MKO_Ks, unit: 'log [W/m2/um] at surface', datatype: float64, format: .3f}
# schema: astropy-2.0
teff logg mh STIS_50CCD CGI_narrow CGI_wide CGI_IFS660 CGI_IFS730 CGI_IFS760 2MASS_H UKIDSS_Y MKO_J MKO_H MKO_Ks
[from data line 9763]
14500.0 4.0 0.0 8.999 9.014 8.484 8.819 8.679 8.623 7.435 8.178 7.878 7.452 7.010
14500.0 4.0 0.3 9.028 9.042 8.512 8.847 8.707 8.651 7.460 8.204 7.904 7.478 7.035
14500.0 4.0 0.5 9.038 9.051 8.521 8.857 8.717 8.660 7.467 8.212 7.911 7.485 7.041
14500.0 4.5 -4.0 8.948 8.977 8.417 8.771 8.626 8.567 7.371 8.136 7.827 7.388 6.947
14500.0 4.5 -3.5 8.951 8.978 8.427 8.775 8.632 8.574 7.383 8.141 7.835 7.400 6.959
14500.0 4.5 -3.0 8.955 8.981 8.435 8.780 8.638 8.580 7.392 8.146 7.842 7.409 6.968
14500.0 4.5 -2.5 8.961 8.986 8.445 8.786 8.645 8.588 7.402 8.153 7.850 7.420 6.979
14500.0 4.5 -2.0 8.968 8.991 8.457 8.794 8.654 8.598 7.415 8.160 7.859 7.432 6.992
14500.0 4.5 -1.5 8.977 8.998 8.468 8.803 8.664 8.607 7.425 8.168 7.869 7.443 7.002
14500.0 4.5 -1.0 8.985 9.006 8.476 8.810 8.671 8.615 7.431 8.174 7.875 7.449 7.008
14500.0 4.5 -0.5 8.997 9.017 8.486 8.821 8.682 8.626 7.439 8.183 7.883 7.457 7.015
14500.0 4.5 0.0 9.014 9.032 8.499 8.835 8.696 8.639 7.449 8.194 7.894 7.467 7.025
14500.0 4.5 0.3 9.030 9.046 8.515 8.851 8.711 8.654 7.461 8.206 7.906 7.479 7.036
14500.0 4.5 0.5 9.038 9.053 8.522 8.858 8.718 8.661 7.467 8.212 7.912 7.485 7.041
15000.0 0.5 -4.0 8.664 8.653 8.162 8.477 8.342 8.288 7.151 7.862 7.575 7.168 6.733
15000.0 0.5 -3.5 8.671 8.659 8.169 8.483 8.348 8.295 7.164 7.871 7.586 7.180 6.748
15000.0 0.5 -3.0 8.675 8.663 8.173 8.487 8.353 8.299 7.172 7.876 7.593 7.188 6.758
15000.0 0.5 -2.5 8.635 8.623 8.133 8.447 8.313 8.259 7.134 7.837 7.554 7.150 6.721
15000.0 0.5 -2.0 8.616 8.604 8.113 8.428 8.293 8.239 7.115 7.817 7.534 7.131 6.703
15000.0 0.5 -1.5 8.599 8.585 8.094 8.409 8.274 8.220 7.096 7.797 7.515 7.113 6.685
15000.0 0.5 -1.0 8.604 8.588 8.094 8.410 8.275 8.221 7.094 7.796 7.513 7.111 6.683
15000.0 0.5 -0.5 8.602 8.582 8.086 8.403 8.267 8.214 7.080 7.785 7.501 7.097 6.668
15000.0 0.5 0.0 8.628 8.605 8.105 8.424 8.287 8.233 7.092 7.799 7.515 7.109 6.679
15000.0 0.5 0.3 8.654 8.628 8.125 8.445 8.308 8.254 7.106 7.815 7.530 7.123 6.692
15000.0 0.5 0.5 8.677 8.651 8.146 8.466 8.328 8.274 7.122 7.832 7.547 7.139 6.708
15000.0 1.0 -4.0 8.818 8.811 8.304 8.628 8.489 8.434 7.266 7.998 7.701 7.282 6.838
15000.0 1.0 -3.5 8.826 8.820 8.314 8.637 8.499 8.444 7.281 8.009 7.714 7.297 6.856
15000.0 1.0 -3.0 8.832 8.826 8.322 8.644 8.506 8.452 7.293 8.018 7.725 7.310 6.870
15000.0 1.0 -2.5 8.808 8.802 8.299 8.620 8.483 8.428 7.275 7.996 7.704 7.292 6.855
15000.0 1.0 -2.0 8.802 8.796 8.293 8.615 8.477 8.423 7.271 7.991 7.700 7.288 6.852
15000.0 1.0 -1.5 8.798 8.791 8.288 8.610 8.472 8.417 7.267 7.985 7.695 7.284 6.849
15000.0 1.0 -1.0 8.806 8.798 8.293 8.615 8.477 8.423 7.271 7.989 7.698 7.287 6.852
15000.0 1.0 -0.5 8.812 8.801 8.293 8.617 8.478 8.424 7.266 7.987 7.695 7.282 6.846
15000.0 1.0 0.0 8.831 8.817 8.306 8.632 8.493 8.438 7.271 7.996 7.703 7.288 6.850
15000.0 1.0 0.3 8.855 8.840 8.326 8.654 8.514 8.458 7.287 8.014 7.719 7.304 6.865
15000.0 1.0 0.5 8.870 8.854 8.339 8.668 8.527 8.472 7.296 8.025 7.730 7.313 6.873
15000.0 1.5 -4.0 8.912 8.909 8.387 8.719 8.577 8.521 7.336 8.081 7.777 7.352 6.905
15000.0 1.5 -3.5 8.922 8.919 8.400 8.731 8.589 8.533 7.352 8.094 7.792 7.368 6.923
15000.0 1.5 -3.0 8.929 8.927 8.410 8.739 8.598 8.543 7.365 8.104 7.804 7.382 6.939
15000.0 1.5 -2.5 8.917 8.916 8.402 8.729 8.589 8.534 7.363 8.097 7.799 7.380 6.939
15000.0 1.5 -2.0 8.922 8.920 8.407 8.734 8.594 8.539 7.370 8.101 7.805 7.387 6.947
15000.0 1.5 -1.5 8.927 8.925 8.413 8.739 8.599 8.544 7.377 8.107 7.811 7.394 6.955
15000.0 1.5 -1.0 8.937 8.934 8.421 8.748 8.608 8.553 7.384 8.114 7.818 7.401 6.961
15000.0 1.5 -0.5 8.947 8.942 8.425 8.754 8.613 8.557 7.384 8.116 7.819 7.401 6.961
15000.0 1.5 0.0 8.968 8.960 8.439 8.771 8.628 8.572 7.390 8.127 7.827 7.407 6.965
15000.0 1.5 0.3 8.990 8.981 8.458 8.791 8.648 8.592 7.407 8.144 7.844 7.424 6.982
15000.0 1.5 0.5 9.003 8.993 8.468 8.802 8.659 8.603 7.412 8.152 7.851 7.430 6.986
15000.0 2.0 -4.0 8.943 8.943 8.410 8.748 8.603 8.546 7.354 8.108 7.800 7.371 6.923
15000.0 2.0 -3.5 8.951 8.952 8.423 8.759 8.616 8.559 7.371 8.120 7.815 7.387 6.941
15000.0 2.0 -3.0 8.960 8.962 8.435 8.770 8.627 8.570 7.386 8.131 7.828 7.403 6.959
15000.0 2.0 -2.5 8.955 8.957 8.435 8.767 8.625 8.569 7.390 8.130 7.830 7.408 6.966
15000.0 2.0 -2.0 8.964 8.965 8.445 8.775 8.634 8.579 7.401 8.139 7.839 7.418 6.976
15000.0 2.0 -1.5 8.969 8.972 8.453 8.783 8.642 8.587 7.410 8.147 7.848 7.427 6.986
15000.0 2.0 -1.0 8.982 8.983 8.464 8.794 8.653 8.598 7.420 8.156 7.858 7.437 6.995
15000.0 2.0 -0.5 8.996 8.995 8.472 8.804 8.662 8.607 7.424 8.162 7.863 7.441 6.999
15000.0 2.0 0.0 9.017 9.014 8.485 8.820 8.677 8.620 7.430 8.172 7.871 7.447 7.003
15000.0 2.0 0.3 9.037 9.032 8.505 8.840 8.697 8.641 7.450 8.191 7.890 7.467 7.023
15000.0 2.0 0.5 9.051 9.046 8.515 8.852 8.708 8.652 7.455 8.199 7.897 7.473 7.028
15000.0 2.5 -4.0 8.959 8.963 8.421 8.765 8.618 8.560 7.365 8.124 7.814 7.382 6.934
15000.0 2.5 -3.5 8.965 8.970 8.433 8.774 8.629 8.572 7.381 8.134 7.827 7.397 6.952
15000.0 2.5 -3.0 8.973 8.978 8.445 8.783 8.639 8.583 7.395 8.144 7.839 7.412 6.967
15000.0 2.5 -2.5 8.972 8.978 8.450 8.785 8.643 8.586 7.403 8.147 7.845 7.420 6.977
15000.0 2.5 -2.0 8.979 8.984 8.459 8.792 8.651 8.595 7.412 8.154 7.853 7.430 6.987
15000.0 2.5 -1.5 8.987 8.993 8.469 8.801 8.660 8.604 7.422 8.163 7.863 7.439 6.997
15000.0 2.5 -1.0 8.999 9.004 8.481 8.813 8.672 8.616 7.432 8.173 7.873 7.450 7.008
15000.0 2.5 -0.5 9.012 9.016 8.491 8.824 8.683 8.627 7.441 8.182 7.882 7.458 7.016
15000.0 2.5 0.0 9.025 9.027 8.499 8.834 8.692 8.636 7.446 8.189 7.887 7.463 7.020
15000.0 2.5 0.3 9.046 9.046 8.519 8.853 8.711 8.655 7.462 8.206 7.905 7.480 7.036
15000.0 2.5 0.5 9.055 9.055 8.526 8.861 8.719 8.662 7.467 8.212 7.910 7.485 7.040
15000.0 3.0 -4.0 8.970 8.979 8.430 8.778 8.631 8.573 7.376 8.138 7.827 7.393 6.946
15000.0 3.0 -3.5 8.976 8.985 8.442 8.786 8.641 8.583 7.391 8.147 7.839 7.408 6.963
15000.0 3.0 -3.0 8.982 8.991 8.453 8.794 8.650 8.593 7.404 8.155 7.850 7.421 6.977
15000.0 3.0 -2.5 8.985 8.994 8.462 8.799 8.657 8.600 7.415 8.161 7.858 7.433 6.990
15000.0 3.0 -2.0 8.993 9.001 8.473 8.807 8.666 8.610 7.425 8.169 7.868 7.443 7.000
15000.0 3.0 -1.5 9.005 9.012 8.485 8.819 8.678 8.621 7.436 8.179 7.878 7.453 7.011
15000.0 3.0 -1.0 9.015 9.022 8.495 8.829 8.688 8.632 7.445 8.188 7.887 7.463 7.020
15000.0 3.0 -0.5 9.029 9.035 8.507 8.841 8.700 8.644 7.454 8.198 7.897 7.472 7.029
15000.0 3.0 0.0 9.043 9.048 8.516 8.852 8.710 8.654 7.460 8.206 7.903 7.478 7.034
15000.0 3.0 0.3 9.065 9.068 8.538 8.874 8.732 8.675 7.479 8.225 7.923 7.497 7.052
15000.0 3.0 0.5 9.075 9.077 8.546 8.883 8.741 8.684 7.485 8.232 7.929 7.503 7.058
15000.0 3.5 -4.0 8.972 8.986 8.431 8.783 8.636 8.577 7.379 8.143 7.832 7.396 6.950
15000.0 3.5 -3.5 8.976 8.990 8.443 8.790 8.644 8.586 7.393 8.151 7.843 7.411 6.966
15000.0 3.5 -3.0 8.981 8.994 8.453 8.796 8.652 8.595 7.405 8.158 7.852 7.422 6.978
15000.0 3.5 -2.5 8.987 9.000 8.463 8.803 8.660 8.603 7.415 8.165 7.861 7.432 6.989
15000.0 3.5 -2.0 8.994 9.006 8.473 8.811 8.669 8.612 7.426 8.172 7.870 7.443 7.001
15000.0 3.5 -1.5 9.003 9.014 8.484 8.819 8.678 8.622 7.436 8.180 7.879 7.453 7.011
15000.0 3.5 -1.0 9.011 9.022 8.492 8.827 8.686 8.630 7.442 8.187 7.886 7.460 7.017
15000.0 3.5 -0.5 9.024 9.033 8.503 8.839 8.697 8.641 7.451 8.196 7.895 7.469 7.025
15000.0 3.5 0.0 9.042 9.050 8.518 8.855 8.713 8.657 7.463 8.209 7.907 7.481 7.037
15000.0 3.5 0.3 9.058 9.064 8.533 8.869 8.728 8.671 7.475 8.221 7.919 7.493 7.048
15000.0 3.5 0.5 9.067 9.073 8.541 8.878 8.736 8.679 7.481 8.228 7.926 7.499 7.054
15000.0 4.0 -4.0 8.972 8.991 8.434 8.787 8.641 8.582 7.383 8.148 7.838 7.400 6.956
15000.0 4.0 -3.5 8.976 8.994 8.446 8.793 8.649 8.591 7.397 8.155 7.848 7.415 6.972
15000.0 4.0 -3.0 8.981 8.998 8.454 8.798 8.655 8.598 7.407 8.160 7.855 7.424 6.982
15000.0 4.0 -2.5 8.987 9.003 8.464 8.805 8.663 8.606 7.417 8.167 7.863 7.434 6.992
15000.0 4.0 -2.0 8.995 9.010 8.475 8.813 8.672 8.615 7.428 8.174 7.872 7.445 7.003
15000.0 4.0 -1.5 9.003 9.017 8.485 8.821 8.681 8.624 7.437 8.182 7.881 7.454 7.012
15000.0 4.0 -1.0 9.012 9.025 8.492 8.829 8.688 8.632 7.443 8.188 7.887 7.460 7.018
15000.0 4.0 -0.5 9.024 9.036 8.503 8.840 8.699 8.642 7.451 8.197 7.895 7.468 7.025
15000.0 4.0 0.0 9.025 9.036 8.502 8.840 8.698 8.642 7.447 8.194 7.892 7.465 7.022
15000.0 4.0 0.3 9.059 9.067 8.534 8.871 8.730 8.673 7.475 8.223 7.921 7.493 7.049
15000.0 4.0 0.5 9.068 9.076 8.542 8.880 8.739 8.682 7.482 8.230 7.928 7.500 7.055
15000.0 4.5 -4.0 8.972 8.996 8.432 8.789 8.643 8.583 7.380 8.148 7.838 7.398 6.955
15000.0 4.5 -3.5 8.975 8.998 8.442 8.794 8.649 8.590 7.393 8.154 7.847 7.410 6.968
15000.0 4.5 -3.0 8.980 9.001 8.451 8.799 8.656 8.597 7.403 8.160 7.854 7.420 6.979
15000.0 4.5 -2.5 8.986 9.006 8.462 8.806 8.664 8.606 7.414 8.167 7.863 7.431 6.990
15000.0 4.5 -2.0 8.994 9.012 8.474 8.814 8.673 8.616 7.427 8.175 7.873 7.444 7.003
15000.0 4.5 -1.5 9.003 9.021 8.486 8.823 8.683 8.626 7.437 8.183 7.882 7.455 7.014
15000.0 4.5 -1.0 9.012 9.028 8.494 8.831 8.691 8.634 7.444 8.190 7.889 7.462 7.020
15000.0 4.5 -0.5 9.025 9.039 8.505 8.842 8.702 8.645 7.452 8.199 7.897 7.470 7.027
15000.0 4.5 0.0 9.043 9.056 8.520 8.859 8.718 8.661 7.464 8.212 7.910 7.482 7.039
15000.0 4.5 0.3 9.058 9.070 8.534 8.873 8.732 8.675 7.475 8.223 7.922 7.493 7.049
15000.0 4.5 0.5 9.066 9.077 8.542 8.880 8.739 8.682 7.481 8.229 7.928 7.499 7.055
15500.0 1.0 -4.0 8.850 8.838 8.330 8.655 8.515 8.460 7.289 8.021 7.724 7.305 6.861
15500.0 1.0 -3.5 8.858 8.847 8.339 8.664 8.525 8.470 7.304 8.033 7.737 7.320 6.878
15500.0 1.0 -3.0 8.863 8.852 8.346 8.670 8.531 8.476 7.315 8.040 7.747 7.332 6.892
15500.0 1.0 -2.5 8.824 8.813 8.308 8.631 8.492 8.438 7.281 8.003 7.711 7.298 6.860
15500.0 1.0 -2.0 8.821 8.810 8.305 8.628 8.490 8.435 7.280 8.000 7.709 7.297 6.861
15500.0 1.0 -1.5 8.819 8.807 8.302 8.625 8.486 8.432 7.278 7.997 7.706 7.295 6.859
15500.0 1.0 -1.0 8.827 8.814 8.306 8.630 8.492 8.437 7.280 8.000 7.709 7.297 6.862
15500.0 1.0 -0.5 8.840 8.823 8.313 8.639 8.500 8.445 7.283 8.005 7.713 7.300 6.863
15500.0 1.0 0.0 8.859 8.840 8.326 8.654 8.514 8.458 7.287 8.014 7.720 7.304 6.865
15500.0 1.0 0.3 8.880 8.859 8.344 8.673 8.532 8.476 7.301 8.029 7.734 7.318 6.878
15500.0 1.0 0.5 8.896 8.875 8.358 8.687 8.546 8.491 7.311 8.041 7.745 7.328 6.887
15500.0 1.5 -4.0 8.946 8.938 8.414 8.748 8.604 8.548 7.357 8.105 7.800 7.374 6.926
15500.0 1.5 -3.5 8.955 8.948 8.426 8.759 8.616 8.560 7.373 8.117 7.815 7.390 6.943
15500.0 1.5 -3.0 8.962 8.955 8.436 8.766 8.625 8.569 7.386 8.127 7.826 7.403 6.958
15500.0 1.5 -2.5 8.942 8.936 8.420 8.748 8.608 8.552 7.377 8.111 7.813 7.394 6.952
15500.0 1.5 -2.0 8.948 8.941 8.426 8.754 8.614 8.558 7.385 8.117 7.820 7.402 6.961
15500.0 1.5 -1.5 8.953 8.947 8.432 8.760 8.619 8.564 7.392 8.123 7.827 7.409 6.969
15500.0 1.5 -1.0 8.964 8.956 8.440 8.769 8.628 8.572 7.399 8.130 7.834 7.416 6.976
15500.0 1.5 -0.5 8.978 8.968 8.449 8.779 8.638 8.582 7.404 8.137 7.840 7.421 6.980
15500.0 1.5 0.0 8.999 8.986 8.461 8.795 8.652 8.596 7.406 8.146 7.846 7.424 6.980
15500.0 1.5 0.3 9.020 9.005 8.480 8.814 8.671 8.615 7.423 8.163 7.862 7.441 6.997
15500.0 1.5 0.5 9.033 9.018 8.490 8.826 8.683 8.626 7.429 8.171 7.870 7.447 7.002
15500.0 2.0 -4.0 8.976 8.971 8.436 8.776 8.630 8.573 7.374 8.130 7.821 7.390 6.941
15500.0 2.0 -3.5 8.985 8.981 8.449 8.788 8.643 8.586 7.391 8.143 7.836 7.407 6.960
15500.0 2.0 -3.0 8.992 8.989 8.460 8.796 8.652 8.596 7.404 8.152 7.848 7.421 6.975
15500.0 2.0 -2.5 8.983 8.980 8.455 8.788 8.646 8.590 7.406 8.147 7.846 7.423 6.980
15500.0 2.0 -2.0 8.991 8.988 8.465 8.798 8.656 8.600 7.416 8.156 7.856 7.434 6.991
15500.0 2.0 -1.5 8.994 8.992 8.471 8.802 8.661 8.605 7.424 8.162 7.863 7.441 6.999
15500.0 2.0 -1.0 9.010 9.007 8.485 8.816 8.675 8.619 7.436 8.174 7.875 7.453 7.011
15500.0 2.0 -0.5 9.028 9.022 8.497 8.830 8.688 8.632 7.444 8.184 7.884 7.462 7.019
15500.0 2.0 0.0 9.048 9.039 8.506 8.844 8.700 8.643 7.445 8.191 7.887 7.462 7.017
15500.0 2.0 0.3 9.067 9.058 8.528 8.864 8.720 8.663 7.467 8.210 7.908 7.484 7.040
15500.0 2.0 0.5 9.082 9.071 8.538 8.877 8.732 8.675 7.472 8.219 7.915 7.490 7.044
15500.0 2.5 -4.0 8.991 8.990 8.446 8.791 8.644 8.586 7.383 8.144 7.833 7.400 6.950
15500.0 2.5 -3.5 8.998 8.998 8.459 8.801 8.655 8.598 7.399 8.155 7.847 7.416 6.968
15500.0 2.5 -3.0 9.004 9.005 8.469 8.809 8.664 8.607 7.412 8.164 7.858 7.429 6.983
15500.0 2.5 -2.5 9.000 9.001 8.470 8.807 8.663 8.607 7.417 8.163 7.860 7.434 6.990
15500.0 2.5 -2.0 9.008 9.009 8.481 8.816 8.673 8.617 7.428 8.173 7.871 7.446 7.002
15500.0 2.5 -1.5 9.016 9.017 8.490 8.824 8.682 8.626 7.439 8.181 7.880 7.456 7.013
15500.0 2.5 -1.0 9.028 9.028 8.502 8.836 8.694 8.638 7.449 8.191 7.890 7.466 7.023
15500.0 2.5 -0.5 9.041 9.040 8.513 8.847 8.705 8.649 7.457 8.201 7.899 7.475 7.031
15500.0 2.5 0.0 9.054 9.051 8.520 8.857 8.714 8.657 7.460 8.206 7.904 7.478 7.033
15500.0 2.5 0.3 9.075 9.071 8.540 8.877 8.734 8.677 7.479 8.224 7.922 7.497 7.052
15500.0 2.5 0.5 9.085 9.080 8.548 8.885 8.742 8.685 7.484 8.231 7.928 7.502 7.057
15500.0 3.0 -4.0 9.003 9.007 8.455 8.805 8.657 8.599 7.394 8.158 7.846 7.411 6.962
15500.0 3.0 -3.5 9.008 9.012 8.468 8.813 8.667 8.609 7.409 8.168 7.859 7.426 6.980
15500.0 3.0 -3.0 9.012 9.016 8.476 8.818 8.674 8.616 7.420 8.174 7.867 7.438 6.992
15500.0 3.0 -2.5 9.013 9.017 8.483 8.821 8.678 8.622 7.430 8.178 7.875 7.448 7.004
15500.0 3.0 -2.0 9.022 9.026 8.494 8.831 8.688 8.632 7.441 8.187 7.885 7.459 7.015
15500.0 3.0 -1.5 9.029 9.033 8.503 8.839 8.697 8.640 7.450 8.195 7.893 7.467 7.024
15500.0 3.0 -1.0 9.044 9.046 8.517 8.852 8.710 8.654 7.462 8.206 7.905 7.479 7.035
15500.0 3.0 -0.5 9.057 9.059 8.528 8.864 8.722 8.666 7.471 8.216 7.914 7.488 7.044
15500.0 3.0 0.0 9.071 9.071 8.535 8.874 8.730 8.673 7.473 8.222 7.919 7.491 7.046
15500.0 3.0 0.3 9.093 9.092 8.559 8.897 8.754 8.697 7.496 8.243 7.940 7.513 7.068
15500.0 3.0 0.5 9.104 9.102 8.568 8.906 8.763 8.706 7.502 8.250 7.947 7.520 7.074
15500.0 3.5 -4.0 9.005 9.013 8.457 8.810 8.663 8.604 7.398 8.164 7.852 7.415 6.968
15500.0 3.5 -3.5 9.008 9.017 8.468 8.816 8.670 8.612 7.412 8.171 7.863 7.429 6.984
15500.0 3.5 -3.0 9.009 9.018 8.474 8.819 8.674 8.617 7.420 8.175 7.869 7.438 6.993
15500.0 3.5 -2.5 9.015 9.023 8.483 8.825 8.681 8.624 7.430 8.182 7.877 7.447 7.003
15500.0 3.5 -2.0 9.022 9.030 8.494 8.833 8.691 8.634 7.441 8.189 7.886 7.459 7.015
15500.0 3.5 -1.5 9.030 9.037 8.505 8.841 8.700 8.643 7.452 8.198 7.896 7.469 7.026
15500.0 3.5 -1.0 9.039 9.045 8.512 8.849 8.707 8.651 7.458 8.204 7.902 7.476 7.032
15500.0 3.5 -0.5 9.051 9.056 8.523 8.860 8.719 8.662 7.466 8.213 7.911 7.484 7.040
15500.0 3.5 0.0 9.068 9.071 8.536 8.875 8.732 8.676 7.476 8.224 7.922 7.494 7.049
15500.0 3.5 0.3 9.086 9.088 8.554 8.892 8.749 8.693 7.491 8.239 7.936 7.509 7.063
15500.0 3.5 0.5 9.096 9.097 8.562 8.900 8.758 8.701 7.497 8.246 7.943 7.515 7.069
15500.0 4.0 -4.0 9.002 9.016 8.458 8.812 8.665 8.606 7.401 8.167 7.857 7.419 6.973
15500.0 4.0 -3.5 8.999 9.014 8.465 8.812 8.668 8.610 7.412 8.170 7.863 7.429 6.985
15500.0 4.0 -3.0 9.006 9.019 8.473 8.819 8.675 8.617 7.421 8.176 7.870 7.438 6.995
15500.0 4.0 -2.5 9.012 9.024 8.482 8.825 8.682 8.624 7.430 8.182 7.877 7.448 7.004
15500.0 4.0 -2.0 9.019 9.030 8.493 8.832 8.690 8.633 7.441 8.189 7.887 7.459 7.016
15500.0 4.0 -1.5 9.027 9.037 8.503 8.841 8.699 8.642 7.450 8.197 7.895 7.468 7.025
15500.0 4.0 -1.0 9.036 9.045 8.510 8.848 8.706 8.650 7.456 8.203 7.901 7.474 7.031
15500.0 4.0 -0.5 9.048 9.056 8.521 8.859 8.718 8.661 7.464 8.212 7.910 7.482 7.038
15500.0 4.0 0.0 9.051 9.057 8.520 8.860 8.717 8.660 7.460 8.209 7.906 7.478 7.034
15500.0 4.0 0.3 9.084 9.089 8.553 8.892 8.750 8.693 7.490 8.238 7.936 7.508 7.062
15500.0 4.0 0.5 9.095 9.099 8.563 8.902 8.760 8.703 7.498 8.247 7.944 7.516 7.070
15500.0 4.5 -4.0 9.003 9.022 8.456 8.815 8.668 8.608 7.398 8.168 7.857 7.415 6.971
15500.0 4.5 -3.5 9.006 9.024 8.467 8.819 8.674 8.615 7.411 8.174 7.866 7.429 6.985
