WFIRST_fluxes_BTSettlAGSS2009.txt
# %ECSV 0.9
# ---
# datatype:
# - {name: teff, unit: K, datatype: float64}
# - {name: logg, unit: dex, datatype: float64}
# - {name: mh, unit: dex, datatype: float64}
# - {name: STIS_50CCD, unit: 'log [W/m2/um] at surface', datatype: float64, format: .3f}
# - {name: CGI_narrow, unit: 'log [W/m2/um] at surface', datatype: float64, format: .3f}
# - {name: CGI_wide, unit: 'log [W/m2/um] at surface', datatype: float64, format: .3f}
# - {name: CGI_IFS660, unit: 'log [W/m2/um] at surface', datatype: float64, format: .3f}
# - {name: CGI_IFS730, unit: 'log [W/m2/um] at surface', datatype: float64, format: .3f}
# - {name: CGI_IFS760, unit: 'log [W/m2/um] at surface', datatype: float64, format: .3f}
# schema: astropy-2.0
teff logg mh STIS_50CCD CGI_narrow CGI_wide CGI_IFS660 CGI_IFS730 CGI_IFS760
[from data line 11069]
25000.0 1.5 -1.5 9.363 9.304 8.763 9.107 8.960 8.902
25000.0 1.5 -1.0 9.367 9.306 8.766 9.110 8.963 8.905
25000.0 1.5 -0.5 9.362 9.297 8.754 9.099 8.952 8.894
25000.0 1.5 0.0 9.410 9.340 8.795 9.142 8.994 8.936
25000.0 1.5 0.3 9.420 9.345 8.800 9.146 8.999 8.940
25000.0 1.5 0.5 9.433 9.355 8.809 9.156 9.008 8.950
25000.0 2.0 -4.0 9.422 9.361 8.807 9.159 9.008 8.949
25000.0 2.0 -3.5 9.424 9.365 8.812 9.163 9.013 8.954
25000.0 2.0 -3.0 9.427 9.367 8.816 9.166 9.016 8.957
25000.0 2.0 -2.5 9.424 9.362 8.807 9.159 9.009 8.950
25000.0 2.0 -2.0 9.424 9.362 8.809 9.160 9.010 8.951
25000.0 2.0 -1.5 9.447 9.383 8.829 9.181 9.030 8.971
25000.0 2.0 -1.0 9.444 9.382 8.829 9.180 9.030 8.971
25000.0 2.0 -0.5 9.443 9.375 8.818 9.172 9.020 8.961
25000.0 2.0 0.0 9.488 9.416 8.857 9.212 9.060 9.000
25000.0 2.0 0.3 9.494 9.421 8.863 9.217 9.066 9.006
25000.0 2.0 0.5 9.509 9.433 8.873 9.228 9.076 9.016
25000.0 2.5 -4.0 9.454 9.388 8.822 9.181 9.028 8.968
25000.0 2.5 -3.5 9.456 9.392 8.829 9.186 9.033 8.973
25000.0 2.5 -3.0 9.458 9.395 8.833 9.189 9.037 8.977
25000.0 2.5 -2.5 9.447 9.382 8.819 9.176 9.023 8.963
25000.0 2.5 -2.0 9.452 9.388 8.825 9.181 9.029 8.969
25000.0 2.5 -1.5 9.460 9.394 8.831 9.188 9.035 8.976
25000.0 2.5 -1.0 9.482 9.417 8.854 9.211 9.058 8.999
25000.0 2.5 -0.5 9.497 9.430 8.866 9.223 9.070 9.011
25000.0 2.5 0.0 9.518 9.446 8.879 9.238 9.084 9.024
25000.0 2.5 0.3 9.535 9.462 8.895 9.254 9.100 9.040
25000.0 2.5 0.5 9.550 9.475 8.905 9.266 9.111 9.051
25000.0 3.0 -4.0 9.451 9.384 8.810 9.174 9.018 8.957
25000.0 3.0 -3.5 9.453 9.388 8.817 9.178 9.024 8.963
25000.0 3.0 -3.0 9.456 9.391 8.822 9.182 9.028 8.968
25000.0 3.0 -2.5 9.460 9.393 8.823 9.183 9.029 8.969
25000.0 3.0 -2.0 9.468 9.400 8.831 9.191 9.037 8.976
25000.0 3.0 -1.5 9.475 9.408 8.839 9.199 9.045 8.984
25000.0 3.0 -1.0 9.494 9.427 8.857 9.217 9.063 9.003
25000.0 3.0 -0.5 9.507 9.439 8.869 9.230 9.076 9.015
25000.0 3.0 0.0 9.539 9.466 8.891 9.255 9.100 9.039
25000.0 3.0 0.3 9.553 9.481 8.908 9.270 9.115 9.055
25000.0 3.0 0.5 9.570 9.496 8.921 9.285 9.129 9.068
25000.0 3.5 -4.0 9.430 9.366 8.786 9.153 8.997 8.935
25000.0 3.5 -3.5 9.433 9.369 8.792 9.157 9.002 8.941
25000.0 3.5 -3.0 9.432 9.370 8.795 9.158 9.004 8.943
25000.0 3.5 -2.5 9.437 9.375 8.801 9.164 9.009 8.948
25000.0 3.5 -2.0 9.444 9.380 8.806 9.169 9.014 8.953
25000.0 3.5 -1.5 9.448 9.384 8.809 9.173 9.018 8.957
25000.0 3.5 -1.0 9.458 9.394 8.818 9.182 9.027 8.966
25000.0 3.5 -0.5 9.475 9.410 8.834 9.198 9.043 8.982
25000.0 3.5 0.0 9.497 9.430 8.853 9.218 9.062 9.001
25000.0 3.5 0.3 9.524 9.456 8.881 9.245 9.090 9.028
25000.0 3.5 0.5 9.539 9.469 8.894 9.258 9.103 9.042
25000.0 4.0 -4.0 9.413 9.352 8.770 9.138 8.982 8.920
25000.0 4.0 -3.5 9.417 9.357 8.777 9.143 8.988 8.926
25000.0 4.0 -3.0 9.421 9.360 8.782 9.147 8.992 8.931
25000.0 4.0 -2.5 9.426 9.365 8.788 9.153 8.998 8.936
25000.0 4.0 -2.0 9.430 9.369 8.790 9.156 9.000 8.939
25000.0 4.0 -1.5 9.438 9.376 8.797 9.162 9.007 8.946
25000.0 4.0 -1.0 9.448 9.385 8.806 9.172 9.016 8.955
25000.0 4.0 -0.5 9.465 9.401 8.821 9.187 9.032 8.970
25000.0 4.0 0.0 9.463 9.398 8.817 9.184 9.028 8.966
25000.0 4.0 0.3 9.515 9.448 8.870 9.235 9.080 9.018
25000.0 4.0 0.5 9.527 9.459 8.882 9.247 9.092 9.030
25000.0 4.5 -4.0 9.399 9.343 8.756 9.127 8.970 8.908
25000.0 4.5 -3.5 9.405 9.348 8.764 9.133 8.977 8.915
25000.0 4.5 -3.0 9.408 9.351 8.770 9.136 8.981 8.920
25000.0 4.5 -2.5 9.414 9.357 8.777 9.143 8.988 8.927
25000.0 4.5 -2.0 9.418 9.360 8.780 9.146 8.991 8.930
25000.0 4.5 -1.5 9.428 9.369 8.788 9.154 8.999 8.938
25000.0 4.5 -1.0 9.440 9.380 8.798 9.165 9.009 8.948
25000.0 4.5 -0.5 9.458 9.396 8.814 9.181 9.025 8.963
25000.0 4.5 0.0 9.478 9.414 8.831 9.199 9.043 8.981
25000.0 4.5 0.3 9.508 9.442 8.861 9.228 9.072 9.011
25000.0 4.5 0.5 9.517 9.451 8.872 9.237 9.082 9.021
26000.0 2.0 -4.0 9.449 9.385 8.831 9.183 9.032 8.973
26000.0 2.0 -3.5 9.451 9.389 8.836 9.187 9.037 8.978
26000.0 2.0 -3.0 9.454 9.392 8.839 9.190 9.040 8.981
26000.0 2.0 -2.5 9.462 9.397 8.843 9.195 9.044 8.985
26000.0 2.0 -2.0 9.465 9.400 8.846 9.198 9.048 8.989
26000.0 2.0 -1.5 9.473 9.407 8.852 9.204 9.054 8.995
26000.0 2.0 -1.0 9.472 9.407 8.853 9.205 9.054 8.995
26000.0 2.0 -0.5 9.490 9.420 8.863 9.216 9.065 9.006
26000.0 2.0 0.0 9.515 9.440 8.880 9.235 9.083 9.024
26000.0 2.0 0.3 9.521 9.444 8.886 9.240 9.089 9.029
26000.0 2.0 0.5 9.536 9.456 8.895 9.252 9.099 9.039
26000.0 2.5 -4.0 9.488 9.419 8.852 9.211 9.057 8.997
26000.0 2.5 -3.5 9.490 9.423 8.858 9.216 9.063 9.003
26000.0 2.5 -3.0 9.493 9.426 8.863 9.220 9.067 9.007
26000.0 2.5 -2.5 9.491 9.422 8.858 9.215 9.062 9.002
26000.0 2.5 -2.0 9.496 9.427 8.863 9.220 9.067 9.008
26000.0 2.5 -1.5 9.504 9.434 8.871 9.228 9.075 9.015
26000.0 2.5 -1.0 9.516 9.446 8.882 9.239 9.086 9.026
26000.0 2.5 -0.5 9.523 9.453 8.888 9.246 9.093 9.033
26000.0 2.5 0.0 9.549 9.474 8.905 9.265 9.111 9.050
26000.0 2.5 0.3 9.566 9.489 8.920 9.280 9.126 9.065
26000.0 2.5 0.5 9.581 9.501 8.930 9.292 9.137 9.076
26000.0 3.0 -4.0 9.492 9.420 8.845 9.209 9.053 8.992
26000.0 3.0 -3.5 9.493 9.423 8.850 9.213 9.058 8.997
26000.0 3.0 -3.0 9.495 9.426 8.855 9.216 9.061 9.001
26000.0 3.0 -2.5 9.502 9.429 8.857 9.218 9.064 9.003
26000.0 3.0 -2.0 9.510 9.437 8.865 9.226 9.072 9.011
26000.0 3.0 -1.5 9.521 9.447 8.876 9.237 9.082 9.022
26000.0 3.0 -1.0 9.530 9.457 8.885 9.247 9.092 9.032
26000.0 3.0 -0.5 9.531 9.459 8.887 9.249 9.094 9.033
26000.0 3.0 0.0 9.573 9.495 8.918 9.283 9.127 9.065
26000.0 3.0 0.3 9.585 9.508 8.933 9.297 9.142 9.081
26000.0 3.0 0.5 9.603 9.523 8.946 9.311 9.155 9.094
26000.0 3.5 -4.0 9.471 9.400 8.819 9.187 9.030 8.968
26000.0 3.5 -3.5 9.473 9.404 8.825 9.191 9.035 8.974
26000.0 3.5 -3.0 9.472 9.403 8.827 9.191 9.036 8.975
26000.0 3.5 -2.5 9.476 9.407 8.831 9.195 9.040 8.978
26000.0 3.5 -2.0 9.483 9.414 8.837 9.202 9.046 8.985
26000.0 3.5 -1.5 9.487 9.417 8.840 9.205 9.049 8.988
26000.0 3.5 -1.0 9.497 9.427 8.849 9.214 9.059 8.997
26000.0 3.5 -0.5 9.515 9.443 8.865 9.231 9.075 9.014
26000.0 3.5 0.0 9.539 9.466 8.888 9.254 9.098 9.036
26000.0 3.5 0.3 9.561 9.487 8.910 9.275 9.119 9.058
26000.0 3.5 0.5 9.576 9.500 8.923 9.288 9.132 9.071
26000.0 4.0 -4.0 9.452 9.385 8.801 9.170 9.013 8.951
26000.0 4.0 -3.5 9.456 9.389 8.807 9.175 9.018 8.957
26000.0 4.0 -3.0 9.460 9.393 8.812 9.179 9.023 8.961
26000.0 4.0 -2.5 9.463 9.396 8.816 9.182 9.026 8.965
26000.0 4.0 -2.0 9.468 9.401 8.819 9.186 9.030 8.969
26000.0 4.0 -1.5 9.476 9.408 8.826 9.193 9.037 8.975
26000.0 4.0 -1.0 9.486 9.417 8.835 9.203 9.046 8.985
26000.0 4.0 -0.5 9.504 9.433 8.851 9.219 9.062 9.001
26000.0 4.0 0.0 9.502 9.430 8.847 9.215 9.059 8.997
26000.0 4.0 0.3 9.553 9.479 8.899 9.266 9.109 9.048
26000.0 4.0 0.5 9.565 9.492 8.911 9.278 9.122 9.060
26000.0 4.5 -4.0 9.438 9.375 8.787 9.158 9.001 8.939
26000.0 4.5 -3.5 9.444 9.381 8.795 9.165 9.008 8.946
26000.0 4.5 -3.0 9.447 9.384 8.801 9.168 9.013 8.951
26000.0 4.5 -2.5 9.452 9.388 8.806 9.173 9.017 8.956
26000.0 4.5 -2.0 9.457 9.393 8.810 9.177 9.021 8.960
26000.0 4.5 -1.5 9.467 9.401 8.817 9.185 9.029 8.968
26000.0 4.5 -1.0 9.479 9.412 8.828 9.196 9.040 8.978
26000.0 4.5 -0.5 9.498 9.429 8.844 9.213 9.056 8.995
26000.0 4.5 0.0 9.525 9.453 8.869 9.238 9.081 9.019
26000.0 4.5 0.3 9.547 9.474 8.892 9.260 9.103 9.041
26000.0 4.5 0.5 9.555 9.483 8.901 9.269 9.113 9.051
27000.0 2.0 -4.0 9.471 9.405 8.850 9.203 9.052 8.993
27000.0 2.0 -3.5 9.475 9.409 8.856 9.207 9.057 8.998
27000.0 2.0 -3.0 9.478 9.413 8.860 9.211 9.061 9.002
27000.0 2.0 -2.5 9.487 9.420 8.865 9.217 9.067 9.007
27000.0 2.0 -2.0 9.490 9.422 8.868 9.220 9.069 9.010
27000.0 2.0 -1.5 9.497 9.429 8.874 9.226 9.076 9.017
27000.0 2.0 -1.0 9.499 9.431 8.876 9.228 9.078 9.018
27000.0 2.0 -0.5 9.515 9.441 8.884 9.238 9.087 9.027
27000.0 2.0 0.0 9.539 9.462 8.902 9.258 9.106 9.046
27000.0 2.0 0.3 9.547 9.467 8.908 9.263 9.112 9.052
27000.0 2.0 0.5 9.562 9.479 8.918 9.274 9.122 9.062
27000.0 2.5 -4.0 9.518 9.445 8.878 9.237 9.083 9.023
27000.0 2.5 -3.5 9.520 9.449 8.884 9.242 9.088 9.028
27000.0 2.5 -3.0 9.523 9.452 8.888 9.245 9.092 9.032
27000.0 2.5 -2.5 9.525 9.452 8.887 9.245 9.092 9.032
27000.0 2.5 -2.0 9.530 9.458 8.893 9.251 9.097 9.037
27000.0 2.5 -1.5 9.537 9.464 8.899 9.257 9.104 9.044
27000.0 2.5 -1.0 9.546 9.473 8.907 9.265 9.112 9.052
27000.0 2.5 -0.5 9.556 9.481 8.915 9.273 9.120 9.060
27000.0 2.5 0.0 9.580 9.500 8.930 9.291 9.136 9.076
27000.0 2.5 0.3 9.596 9.514 8.944 9.305 9.151 9.090
27000.0 2.5 0.5 9.611 9.527 8.955 9.318 9.162 9.101
27000.0 3.0 -4.0 9.526 9.450 8.874 9.238 9.082 9.021
27000.0 3.0 -3.5 9.528 9.453 8.880 9.242 9.087 9.026
27000.0 3.0 -3.0 9.529 9.455 8.883 9.245 9.090 9.029
27000.0 3.0 -2.5 9.542 9.464 8.891 9.253 9.098 9.037
27000.0 3.0 -2.0 9.549 9.471 8.897 9.260 9.105 9.044
27000.0 3.0 -1.5 9.557 9.479 8.906 9.268 9.113 9.052
27000.0 3.0 -1.0 9.562 9.486 8.912 9.275 9.119 9.059
27000.0 3.0 -0.5 9.574 9.496 8.923 9.285 9.130 9.069
27000.0 3.0 0.0 9.607 9.524 8.945 9.311 9.154 9.093
27000.0 3.0 0.3 9.617 9.535 8.959 9.323 9.167 9.106
27000.0 3.0 0.5 9.634 9.551 8.972 9.338 9.181 9.120
27000.0 3.5 -4.0 9.507 9.431 8.849 9.217 9.060 8.998
27000.0 3.5 -3.5 9.510 9.435 8.855 9.221 9.065 9.004
27000.0 3.5 -3.0 9.508 9.434 8.856 9.221 9.065 9.004
27000.0 3.5 -2.5 9.513 9.438 8.861 9.225 9.070 9.008
27000.0 3.5 -2.0 9.520 9.445 8.866 9.232 9.076 9.014
27000.0 3.5 -1.5 9.524 9.449 8.870 9.236 9.080 9.018
27000.0 3.5 -1.0 9.535 9.459 8.880 9.246 9.090 9.028
27000.0 3.5 -0.5 9.552 9.475 8.896 9.262 9.106 9.044
27000.0 3.5 0.0 9.574 9.495 8.915 9.281 9.125 9.063
27000.0 3.5 0.3 9.597 9.517 8.938 9.304 9.148 9.086
27000.0 3.5 0.5 9.610 9.530 8.951 9.317 9.160 9.099
27000.0 4.0 -4.0 9.489 9.416 8.830 9.200 9.043 8.981
27000.0 4.0 -3.5 9.496 9.422 8.839 9.207 9.050 8.989
27000.0 4.0 -3.0 9.499 9.425 8.843 9.210 9.054 8.992
27000.0 4.0 -2.5 9.504 9.430 8.848 9.215 9.059 8.997
27000.0 4.0 -2.0 9.510 9.435 8.852 9.220 9.063 9.002
27000.0 4.0 -1.5 9.518 9.442 8.859 9.227 9.070 9.009
27000.0 4.0 -1.0 9.530 9.453 8.870 9.238 9.081 9.019
27000.0 4.0 -0.5 9.546 9.468 8.885 9.253 9.096 9.034
27000.0 4.0 0.0 9.542 9.464 8.880 9.249 9.092 9.030
27000.0 4.0 0.3 9.591 9.511 8.929 9.297 9.140 9.078
27000.0 4.0 0.5 9.601 9.522 8.940 9.307 9.151 9.089
27000.0 4.5 -4.0 9.473 9.403 8.814 9.185 9.028 8.966
27000.0 4.5 -3.5 9.480 9.410 8.824 9.193 9.037 8.974
27000.0 4.5 -3.0 9.483 9.413 8.828 9.197 9.040 8.978
27000.0 4.5 -2.5 9.488 9.417 8.834 9.202 9.045 8.984
27000.0 4.5 -2.0 9.495 9.423 8.839 9.207 9.050 8.989
27000.0 4.5 -1.5 9.506 9.433 8.848 9.217 9.060 8.998
27000.0 4.5 -1.0 9.521 9.446 8.860 9.230 9.073 9.011
27000.0 4.5 -0.5 9.538 9.463 8.877 9.246 9.089 9.027
27000.0 4.5 0.0 9.560 9.482 8.896 9.265 9.108 9.046
27000.0 4.5 0.3 9.584 9.506 8.921 9.290 9.133 9.071
27000.0 4.5 0.5 9.589 9.511 8.928 9.296 9.140 9.078
28000.0 2.0 -4.0 9.491 9.423 8.868 9.221 9.070 9.011
28000.0 2.0 -3.5 9.496 9.428 8.874 9.226 9.076 9.017
28000.0 2.0 -3.0 9.500 9.433 8.879 9.230 9.080 9.021
28000.0 2.0 -2.5 9.509 9.441 8.885 9.238 9.087 9.028
28000.0 2.0 -2.0 9.513 9.444 8.888 9.241 9.090 9.031
28000.0 2.0 -1.5 9.519 9.448 8.893 9.246 9.095 9.036
28000.0 2.0 -1.0 9.522 9.450 8.895 9.248 9.097 9.038
28000.0 2.0 -0.5 9.539 9.464 8.906 9.261 9.110 9.050
28000.0 2.0 0.0 9.561 9.481 8.921 9.277 9.125 9.065
28000.0 2.0 0.3 9.569 9.486 8.927 9.282 9.131 9.071
28000.0 2.0 0.5 9.583 9.497 8.937 9.293 9.141 9.081
28000.0 2.5 -4.0 9.546 9.471 8.903 9.263 9.109 9.048
28000.0 2.5 -3.5 9.549 9.475 8.909 9.268 9.114 9.054
28000.0 2.5 -3.0 9.552 9.478 8.913 9.271 9.118 9.058
28000.0 2.5 -2.5 9.555 9.479 8.911 9.270 9.116 9.056
28000.0 2.5 -2.0 9.561 9.485 8.917 9.277 9.123 9.063
28000.0 2.5 -1.5 9.568 9.492 8.924 9.284 9.129 9.069
28000.0 2.5 -1.0 9.576 9.499 8.932 9.291 9.138 9.077
28000.0 2.5 -0.5 9.585 9.506 8.939 9.299 9.145 9.084
28000.0 2.5 0.0 9.607 9.525 8.954 9.315 9.161 9.100
28000.0 2.5 0.3 9.623 9.538 8.967 9.329 9.174 9.113
28000.0 2.5 0.5 9.637 9.551 8.977 9.341 9.185 9.124
28000.0 3.0 -4.0 9.561 9.481 8.904 9.269 9.112 9.051
28000.0 3.0 -3.5 9.563 9.484 8.910 9.273 9.117 9.056
28000.0 3.0 -3.0 9.565 9.487 8.913 9.276 9.120 9.060
28000.0 3.0 -2.5 9.578 9.495 8.918 9.283 9.126 9.065
28000.0 3.0 -2.0 9.584 9.502 8.925 9.289 9.133 9.072
28000.0 3.0 -1.5 9.593 9.510 8.933 9.298 9.142 9.081
28000.0 3.0 -1.0 9.595 9.515 8.940 9.303 9.147 9.086
28000.0 3.0 -0.5 9.606 9.524 8.949 9.312 9.157 9.096
28000.0 3.0 0.0 9.636 9.550 8.970 9.337 9.180 9.118
28000.0 3.0 0.3 9.647 9.562 8.984 9.349 9.192 9.131
28000.0 3.0 0.5 9.664 9.577 8.996 9.363 9.206 9.144
28000.0 3.5 -4.0 9.546 9.464 8.880 9.249 9.092 9.030
28000.0 3.5 -3.5 9.548 9.468 8.887 9.254 9.097 9.036
28000.0 3.5 -3.0 9.546 9.466 8.886 9.253 9.096 9.035
28000.0 3.5 -2.5 9.549 9.469 8.889 9.256 9.099 9.038
28000.0 3.5 -2.0 9.558 9.477 8.897 9.263 9.107 9.045
28000.0 3.5 -1.5 9.561 9.480 8.900 9.267 9.110 9.048
28000.0 3.5 -1.0 9.572 9.490 8.910 9.276 9.120 9.058
28000.0 3.5 -0.5 9.588 9.506 8.925 9.292 9.135 9.074
28000.0 3.5 0.0 9.611 9.528 8.946 9.313 9.156 9.095
28000.0 3.5 0.3 9.630 9.546 8.965 9.332 9.175 9.113
28000.0 3.5 0.5 9.644 9.559 8.977 9.345 9.188 9.126
28000.0 4.0 -4.0 9.528 9.448 8.861 9.232 9.074 9.012
28000.0 4.0 -3.5 9.532 9.453 8.868 9.237 9.080 9.018
28000.0 4.0 -3.0 9.535 9.456 8.872 9.240 9.083 9.021
28000.0 4.0 -2.5 9.539 9.459 8.875 9.243 9.086 9.024
28000.0 4.0 -2.0 9.545 9.464 8.880 9.249 9.091 9.029
28000.0 4.0 -1.5 9.553 9.472 8.887 9.256 9.099 9.037
28000.0 4.0 -1.0 9.564 9.483 8.897 9.267 9.109 9.047
28000.0 4.0 -0.5 9.581 9.498 8.913 9.282 9.125 9.062
28000.0 4.0 0.0 9.577 9.493 8.908 9.277 9.119 9.057
28000.0 4.0 0.3 9.625 9.540 8.956 9.325 9.167 9.105
28000.0 4.0 0.5 9.636 9.551 8.967 9.336 9.179 9.117
28000.0 4.5 -4.0 9.512 9.436 8.845 9.218 9.060 8.997
28000.0 4.5 -3.5 9.519 9.443 8.855 9.225 9.068 9.006
28000.0 4.5 -3.0 9.522 9.445 8.859 9.229 9.071 9.009
28000.0 4.5 -2.5 9.526 9.449 8.863 9.232 9.075 9.013
28000.0 4.5 -2.0 9.533 9.455 8.868 9.238 9.081 9.019
28000.0 4.5 -1.5 9.544 9.464 8.877 9.247 9.090 9.028
28000.0 4.5 -1.0 9.558 9.477 8.889 9.260 9.102 9.040
28000.0 4.5 -0.5 9.576 9.494 8.906 9.277 9.119 9.057
28000.0 4.5 0.0 9.602 9.518 8.930 9.301 9.143 9.080
28000.0 4.5 0.3 9.620 9.536 8.949 9.319 9.162 9.099
28000.0 4.5 0.5 9.625 9.542 8.956 9.326 9.168 9.106
29000.0 2.0 -4.0 9.508 9.438 8.882 9.236 9.085 9.025
29000.0 2.0 -3.5 9.514 9.445 8.890 9.243 9.092 9.033
29000.0 2.0 -3.0 9.519 9.450 8.895 9.248 9.097 9.038
29000.0 2.0 -2.5 9.528 9.457 8.902 9.255 9.104 9.045
29000.0 2.0 -2.0 9.532 9.461 8.906 9.259 9.108 9.049
29000.0 2.0 -1.5 9.539 9.467 8.912 9.265 9.114 9.055
29000.0 2.0 -1.0 9.544 9.471 8.915 9.269 9.118 9.058
29000.0 2.0 -0.5 9.557 9.480 8.922 9.277 9.126 9.066
29000.0 2.0 0.0 9.581 9.499 8.941 9.296 9.145 9.085
29000.0 2.0 0.3 9.590 9.505 8.946 9.302 9.150 9.090
29000.0 2.0 0.5 9.603 9.515 8.955 9.311 9.159 9.099
29000.0 2.5 -4.0 9.570 9.492 8.924 9.284 9.130 9.069
29000.0 2.5 -3.5 9.574 9.497 8.930 9.289 9.135 9.075
29000.0 2.5 -3.0 9.578 9.501 8.934 9.293 9.139 9.079
29000.0 2.5 -2.5 9.581 9.503 8.935 9.295 9.140 9.080
29000.0 2.5 -2.0 9.588 9.509 8.941 9.301 9.147 9.086
29000.0 2.5 -1.5 9.595 9.516 8.948 9.308 9.154 9.094
29000.0 2.5 -1.0 9.604 9.524 8.955 9.316 9.161 9.101
29000.0 2.5 -0.5 9.613 9.531 8.962 9.323 9.169 9.108
29000.0 2.5 0.0 9.635 9.549 8.977 9.340 9.185 9.124
29000.0 2.5 0.3 9.649 9.561 8.989 9.352 9.197 9.136
29000.0 2.5 0.5 9.662 9.573 8.999 9.363 9.207 9.146
29000.0 3.0 -4.0 9.591 9.507 8.928 9.295 9.138 9.076
29000.0 3.0 -3.5 9.594 9.511 8.934 9.299 9.143 9.082
29000.0 3.0 -3.0 9.597 9.514 8.938 9.302 9.146 9.085
29000.0 3.0 -2.5 9.611 9.525 8.947 9.313 9.156 9.095
29000.0 3.0 -2.0 9.617 9.531 8.953 9.319 9.162 9.101
29000.0 3.0 -1.5 9.624 9.538 8.960 9.325 9.169 9.107
29000.0 3.0 -1.0 9.628 9.542 8.965 9.330 9.173 9.112
29000.0 3.0 -0.5 9.637 9.552 8.973 9.339 9.182 9.121
29000.0 3.0 0.0 9.668 9.578 8.996 9.364 9.206 9.145
29000.0 3.0 0.3 9.677 9.587 9.007 9.374 9.217 9.155
