WFIRST_fluxes_BTSettlAGSS2009.txt
# %ECSV 0.9
# ---
# datatype:
# - {name: teff, unit: K, datatype: float64}
# - {name: logg, unit: dex, datatype: float64}
# - {name: mh, unit: dex, datatype: float64}
# - {name: STIS_50CCD, unit: 'log [W/m2/um] at surface', datatype: float64, format: .3f}
# - {name: CGI_narrow, unit: 'log [W/m2/um] at surface', datatype: float64, format: .3f}
# - {name: CGI_wide, unit: 'log [W/m2/um] at surface', datatype: float64, format: .3f}
# - {name: CGI_IFS660, unit: 'log [W/m2/um] at surface', datatype: float64, format: .3f}
# - {name: CGI_IFS730, unit: 'log [W/m2/um] at surface', datatype: float64, format: .3f}
# - {name: CGI_IFS760, unit: 'log [W/m2/um] at surface', datatype: float64, format: .3f}
# schema: astropy-2.0
teff logg mh STIS_50CCD CGI_narrow CGI_wide CGI_IFS660 CGI_IFS730 CGI_IFS760
[from data line 5869]
6700.0 0.5 0.0 8.032 8.150 7.789 8.018 7.922 7.881
6700.0 0.5 0.3 7.955 8.073 7.713 7.943 7.846 7.804
6700.0 0.5 0.5 7.952 8.075 7.717 7.946 7.850 7.808
6700.0 1.0 -4.0 7.970 8.061 7.725 7.941 7.851 7.813
6700.0 1.0 -3.5 7.973 8.064 7.727 7.943 7.853 7.815
6700.0 1.0 -3.0 7.976 8.067 7.729 7.945 7.855 7.817
6700.0 1.0 -2.5 7.989 8.082 7.742 7.960 7.869 7.831
6700.0 1.0 -2.0 7.998 8.092 7.751 7.970 7.879 7.840
6700.0 1.0 -1.5 8.008 8.105 7.761 7.982 7.890 7.851
6700.0 1.0 -1.0 8.017 8.118 7.771 7.993 7.901 7.862
6700.0 1.0 -0.5 8.029 8.135 7.784 8.009 7.916 7.876
6700.0 1.0 0.0 8.062 8.181 7.826 8.054 7.960 7.920
6700.0 1.0 0.3 8.017 8.136 7.782 8.011 7.916 7.876
6700.0 1.0 0.5 8.013 8.136 7.785 8.012 7.919 7.878
6700.0 1.5 -4.0 8.017 8.108 7.779 7.991 7.904 7.868
6700.0 1.5 -3.5 8.019 8.111 7.781 7.994 7.906 7.870
6700.0 1.5 -3.0 8.023 8.115 7.784 7.998 7.910 7.873
6700.0 1.5 -2.5 8.033 8.126 7.794 8.009 7.921 7.883
6700.0 1.5 -2.0 8.040 8.135 7.801 8.017 7.928 7.891
6700.0 1.5 -1.5 8.048 8.146 7.809 8.027 7.938 7.900
6700.0 1.5 -1.0 8.057 8.158 7.818 8.038 7.948 7.910
6700.0 1.5 -0.5 8.066 8.173 7.829 8.052 7.961 7.922
6700.0 1.5 0.0 8.084 8.205 7.855 8.081 7.990 7.950
6700.0 1.5 0.3 8.059 8.180 7.833 8.059 7.968 7.928
6700.0 1.5 0.5 8.055 8.180 7.836 8.061 7.970 7.930
6700.0 2.0 -4.0 8.031 8.122 7.800 8.009 7.924 7.888
6700.0 2.0 -3.5 8.032 8.124 7.802 8.011 7.926 7.890
6700.0 2.0 -3.0 8.036 8.128 7.805 8.015 7.930 7.894
6700.0 2.0 -2.5 8.048 8.141 7.815 8.027 7.941 7.904
6700.0 2.0 -2.0 8.050 8.145 7.819 8.031 7.945 7.908
6700.0 2.0 -1.5 8.058 8.155 7.827 8.041 7.954 7.917
6700.0 2.0 -1.0 8.068 8.169 7.837 8.053 7.966 7.929
6700.0 2.0 -0.5 8.080 8.187 7.850 8.070 7.981 7.943
6700.0 2.0 0.0 8.095 8.216 7.871 8.096 8.006 7.967
6700.0 2.0 0.3 8.074 8.194 7.855 8.077 7.988 7.950
6700.0 2.0 0.5 8.071 8.195 7.858 8.080 7.991 7.953
6700.0 2.5 -4.0 8.038 8.128 7.814 8.019 7.936 7.901
6700.0 2.5 -3.5 8.039 8.129 7.815 8.020 7.937 7.902
6700.0 2.5 -3.0 8.043 8.134 7.819 8.025 7.941 7.906
6700.0 2.5 -2.5 8.049 8.141 7.824 8.031 7.947 7.912
6700.0 2.5 -2.0 8.057 8.150 7.831 8.039 7.955 7.920
6700.0 2.5 -1.5 8.066 8.162 7.839 8.050 7.965 7.929
6700.0 2.5 -1.0 8.074 8.175 7.849 8.062 7.977 7.940
6700.0 2.5 -0.5 8.084 8.189 7.861 8.076 7.990 7.953
6700.0 2.5 0.0 8.083 8.196 7.865 8.083 7.996 7.958
6700.0 2.5 0.3 8.084 8.202 7.870 8.089 8.002 7.964
6700.0 2.5 0.5 8.080 8.203 7.873 8.091 8.005 7.967
6700.0 3.0 -4.0 8.042 8.130 7.825 8.025 7.944 7.910
6700.0 3.0 -3.5 8.042 8.131 7.826 8.026 7.945 7.911
6700.0 3.0 -3.0 8.046 8.135 7.829 8.029 7.949 7.914
6700.0 3.0 -2.5 8.055 8.145 7.835 8.037 7.956 7.921
6700.0 3.0 -2.0 8.063 8.155 7.842 8.047 7.964 7.929
6700.0 3.0 -1.5 8.074 8.169 7.852 8.060 7.976 7.941
6700.0 3.0 -1.0 8.077 8.177 7.859 8.067 7.984 7.948
6700.0 3.0 -0.5 8.090 8.194 7.873 8.084 8.000 7.963
6700.0 3.0 0.0 8.090 8.201 7.877 8.091 8.006 7.969
6700.0 3.0 0.3 8.090 8.207 7.882 8.097 8.012 7.975
6700.0 3.0 0.5 8.087 8.209 7.885 8.100 8.015 7.978
6700.0 3.5 -4.0 8.041 8.128 7.830 8.025 7.946 7.912
6700.0 3.5 -3.5 8.042 8.129 7.831 8.026 7.948 7.914
6700.0 3.5 -3.0 8.044 8.132 7.833 8.029 7.950 7.916
6700.0 3.5 -2.5 8.049 8.138 7.837 8.034 7.955 7.921
6700.0 3.5 -2.0 8.057 8.148 7.844 8.043 7.963 7.929
6700.0 3.5 -1.5 8.065 8.158 7.852 8.053 7.972 7.937
6700.0 3.5 -1.0 8.078 8.175 7.864 8.068 7.987 7.952
6700.0 3.5 -0.5 8.088 8.191 7.878 8.084 8.002 7.966
6700.0 3.5 0.0 8.089 8.200 7.882 8.092 8.008 7.972
6700.0 3.5 0.3 8.091 8.208 7.889 8.100 8.016 7.980
6700.0 3.5 0.5 8.089 8.209 7.892 8.103 8.020 7.983
6700.0 4.0 -4.0 8.037 8.122 7.831 8.022 7.945 7.912
6700.0 4.0 -3.5 8.039 8.125 7.833 8.024 7.947 7.914
6700.0 4.0 -3.0 8.043 8.129 7.836 8.028 7.951 7.918
6700.0 4.0 -2.5 8.048 8.135 7.840 8.034 7.955 7.922
6700.0 4.0 -2.0 8.056 8.144 7.847 8.042 7.963 7.930
6700.0 4.0 -1.5 8.065 8.157 7.855 8.053 7.973 7.939
6700.0 4.0 -1.0 8.080 8.176 7.870 8.071 7.990 7.956
6700.0 4.0 -0.5 8.085 8.187 7.881 8.083 8.002 7.967
6700.0 4.0 0.0 8.088 8.198 7.886 8.092 8.010 7.974
6700.0 4.0 0.3 8.092 8.207 7.894 8.101 8.019 7.983
6700.0 4.0 0.5 8.089 8.209 7.897 8.105 8.022 7.986
6700.0 4.5 -4.0 8.035 8.118 7.833 8.021 7.944 7.912
6700.0 4.5 -3.5 8.036 8.120 7.834 8.022 7.946 7.913
6700.0 4.5 -3.0 8.039 8.124 7.836 8.025 7.949 7.916
6700.0 4.5 -2.5 8.044 8.129 7.840 8.030 7.954 7.921
6700.0 4.5 -2.0 8.050 8.137 7.846 8.038 7.960 7.927
6700.0 4.5 -1.5 8.058 8.149 7.855 8.048 7.970 7.937
6700.0 4.5 -1.0 8.074 8.169 7.870 8.067 7.988 7.953
6700.0 4.5 -0.5 8.085 8.185 7.882 8.082 8.002 7.967
6700.0 4.5 0.0 8.088 8.197 7.890 8.093 8.012 7.977
6700.0 4.5 0.3 8.092 8.207 7.898 8.103 8.021 7.985
6700.0 4.5 0.5 8.089 8.209 7.901 8.106 8.025 7.989
6700.0 5.0 -4.0 8.031 8.114 7.833 8.018 7.943 7.911
6700.0 5.0 -3.5 8.032 8.115 7.834 8.019 7.945 7.912
6700.0 5.0 -3.0 8.034 8.118 7.836 8.022 7.947 7.915
6700.0 5.0 -2.5 8.039 8.124 7.841 8.027 7.952 7.920
6700.0 5.0 -2.0 8.047 8.133 7.847 8.036 7.960 7.927
6700.0 5.0 -1.5 8.056 8.146 7.856 8.047 7.970 7.937
6700.0 5.0 -1.0 8.068 8.163 7.869 8.063 7.985 7.951
6700.0 5.0 -0.5 8.080 8.181 7.882 8.079 8.001 7.966
6700.0 5.0 0.0 8.086 8.195 7.893 8.093 8.013 7.978
6700.0 5.0 0.3 8.090 8.205 7.901 8.103 8.023 7.988
6700.0 5.0 0.5 8.090 8.210 7.906 8.109 8.029 7.993
6800.0 -0.5 -4.0 7.571 7.658 7.296 7.522 7.422 7.380
6800.0 -0.5 -3.5 7.551 7.638 7.275 7.502 7.401 7.359
6800.0 -0.5 -3.0 7.518 7.606 7.242 7.470 7.368 7.326
6800.0 -0.5 -2.5 7.546 7.636 7.269 7.499 7.397 7.354
6800.0 -0.5 -2.0 7.562 7.653 7.285 7.516 7.413 7.371
6800.0 -0.5 -1.5 7.591 7.684 7.314 7.547 7.443 7.401
6800.0 -0.5 -1.0 7.610 7.707 7.335 7.569 7.465 7.422
6800.0 -0.5 -0.5 7.807 7.915 7.540 7.775 7.672 7.628
6800.0 -0.5 0.0 7.805 7.921 7.545 7.781 7.678 7.634
6800.0 -0.5 0.3 7.592 7.705 7.328 7.566 7.461 7.417
6800.0 -0.5 0.5 7.602 7.720 7.346 7.583 7.479 7.435
6800.0 0.0 -4.0 7.819 7.906 7.549 7.773 7.675 7.635
6800.0 0.0 -3.5 7.813 7.901 7.543 7.767 7.669 7.628
6800.0 0.0 -3.0 7.804 7.892 7.532 7.758 7.659 7.618
6800.0 0.0 -2.5 7.828 7.917 7.555 7.782 7.682 7.641
6800.0 0.0 -2.0 7.843 7.934 7.569 7.798 7.697 7.656
6800.0 0.0 -1.5 7.863 7.956 7.590 7.819 7.719 7.677
6800.0 0.0 -1.0 7.879 7.975 7.606 7.838 7.736 7.694
6800.0 0.0 -0.5 7.968 8.075 7.702 7.936 7.835 7.792
6800.0 0.0 0.0 7.965 8.081 7.707 7.942 7.840 7.797
6800.0 0.0 0.3 7.867 7.983 7.607 7.843 7.741 7.697
6800.0 0.0 0.5 7.867 7.988 7.614 7.850 7.748 7.704
6800.0 0.5 -4.0 7.931 8.020 7.668 7.891 7.796 7.756
6800.0 0.5 -3.5 7.931 8.019 7.667 7.890 7.795 7.755
6800.0 0.5 -3.0 7.926 8.016 7.662 7.886 7.790 7.750
6800.0 0.5 -2.5 7.948 8.038 7.682 7.907 7.811 7.771
6800.0 0.5 -2.0 7.960 8.052 7.694 7.920 7.823 7.783
6800.0 0.5 -1.5 7.976 8.070 7.709 7.937 7.840 7.799
6800.0 0.5 -1.0 7.988 8.085 7.722 7.952 7.854 7.812
6800.0 0.5 -0.5 8.041 8.148 7.778 8.012 7.913 7.871
6800.0 0.5 0.0 8.037 8.152 7.782 8.017 7.918 7.875
6800.0 0.5 0.3 7.980 8.096 7.725 7.960 7.860 7.818
6800.0 0.5 0.5 7.977 8.097 7.729 7.964 7.864 7.822
6800.0 1.0 -4.0 7.996 8.086 7.741 7.961 7.869 7.830
6800.0 1.0 -3.5 7.997 8.088 7.742 7.963 7.871 7.832
6800.0 1.0 -3.0 7.994 8.084 7.738 7.959 7.867 7.828
6800.0 1.0 -2.5 8.015 8.106 7.756 7.979 7.886 7.847
6800.0 1.0 -2.0 8.024 8.117 7.766 7.990 7.896 7.857
6800.0 1.0 -1.5 8.036 8.132 7.777 8.004 7.909 7.869
6800.0 1.0 -1.0 8.046 8.145 7.788 8.016 7.921 7.881
6800.0 1.0 -0.5 8.082 8.192 7.826 8.060 7.964 7.922
6800.0 1.0 0.0 8.076 8.193 7.828 8.062 7.965 7.924
6800.0 1.0 0.3 8.044 8.161 7.796 8.030 7.933 7.891
6800.0 1.0 0.5 8.041 8.161 7.798 8.032 7.935 7.893
6800.0 1.5 -4.0 8.043 8.134 7.796 8.014 7.924 7.886
6800.0 1.5 -3.5 8.045 8.136 7.798 8.016 7.926 7.888
6800.0 1.5 -3.0 8.048 8.141 7.800 8.020 7.929 7.891
6800.0 1.5 -2.5 8.060 8.153 7.810 8.031 7.940 7.902
6800.0 1.5 -2.0 8.067 8.162 7.817 8.039 7.948 7.909
6800.0 1.5 -1.5 8.076 8.173 7.826 8.050 7.958 7.919
6800.0 1.5 -1.0 8.086 8.186 7.836 8.062 7.969 7.930
6800.0 1.5 -0.5 8.093 8.199 7.844 8.073 7.979 7.940
6800.0 1.5 0.0 8.105 8.224 7.865 8.097 8.003 7.962
6800.0 1.5 0.3 8.087 8.206 7.848 8.080 7.986 7.945
6800.0 1.5 0.5 8.084 8.206 7.851 8.082 7.988 7.947
6800.0 2.0 -4.0 8.057 8.149 7.818 8.032 7.945 7.908
6800.0 2.0 -3.5 8.058 8.149 7.819 8.033 7.946 7.909
6800.0 2.0 -3.0 8.062 8.155 7.823 8.038 7.950 7.913
6800.0 2.0 -2.5 8.075 8.169 7.832 8.050 7.961 7.924
6800.0 2.0 -2.0 8.078 8.173 7.836 8.054 7.966 7.928
6800.0 2.0 -1.5 8.086 8.183 7.845 8.065 7.976 7.938
6800.0 2.0 -1.0 8.096 8.197 7.856 8.077 7.988 7.949
6800.0 2.0 -0.5 8.107 8.213 7.866 8.092 8.001 7.962
6800.0 2.0 0.0 8.116 8.236 7.883 8.112 8.021 7.981
6800.0 2.0 0.3 8.102 8.220 7.871 8.099 8.008 7.968
6800.0 2.0 0.5 8.100 8.223 7.874 8.103 8.011 7.971
6800.0 2.5 -4.0 8.064 8.154 7.832 8.042 7.957 7.921
6800.0 2.5 -3.5 8.064 8.155 7.833 8.043 7.958 7.922
6800.0 2.5 -3.0 8.069 8.160 7.836 8.047 7.962 7.926
6800.0 2.5 -2.5 8.076 8.168 7.842 8.054 7.968 7.932
6800.0 2.5 -2.0 8.084 8.178 7.849 8.063 7.976 7.940
6800.0 2.5 -1.5 8.094 8.191 7.858 8.075 7.988 7.950
6800.0 2.5 -1.0 8.103 8.203 7.868 8.087 7.999 7.962
6800.0 2.5 -0.5 8.111 8.216 7.878 8.099 8.010 7.972
6800.0 2.5 0.0 8.110 8.223 7.880 8.104 8.015 7.976
6800.0 2.5 0.3 8.111 8.229 7.887 8.112 8.022 7.983
6800.0 2.5 0.5 8.109 8.231 7.890 8.115 8.026 7.987
6800.0 3.0 -4.0 8.067 8.156 7.842 8.047 7.965 7.930
6800.0 3.0 -3.5 8.065 8.155 7.842 8.046 7.964 7.929
6800.0 3.0 -3.0 8.073 8.163 7.848 8.054 7.971 7.935
6800.0 3.0 -2.5 8.082 8.173 7.853 8.062 7.978 7.942
6800.0 3.0 -2.0 8.092 8.185 7.862 8.072 7.987 7.951
6800.0 3.0 -1.5 8.103 8.199 7.873 8.085 8.000 7.964
6800.0 3.0 -1.0 8.103 8.202 7.877 8.090 8.005 7.968
6800.0 3.0 -0.5 8.117 8.221 7.890 8.107 8.020 7.983
6800.0 3.0 0.0 8.116 8.228 7.893 8.113 8.025 7.987
6800.0 3.0 0.3 8.118 8.235 7.900 8.121 8.033 7.995
6800.0 3.0 0.5 8.116 8.237 7.903 8.124 8.036 7.998
6800.0 3.5 -4.0 8.067 8.155 7.848 8.049 7.968 7.933
6800.0 3.5 -3.5 8.068 8.156 7.849 8.050 7.969 7.934
6800.0 3.5 -3.0 8.071 8.159 7.851 8.053 7.971 7.937
6800.0 3.5 -2.5 8.076 8.165 7.856 8.058 7.977 7.942
6800.0 3.5 -2.0 8.084 8.175 7.863 8.067 7.985 7.950
6800.0 3.5 -1.5 8.092 8.186 7.870 8.077 7.994 7.958
6800.0 3.5 -1.0 8.105 8.203 7.883 8.092 8.008 7.972
6800.0 3.5 -0.5 8.115 8.218 7.895 8.107 8.023 7.986
6800.0 3.5 0.0 8.116 8.226 7.900 8.114 8.029 7.992
6800.0 3.5 0.3 8.115 8.231 7.905 8.120 8.035 7.997
6800.0 3.5 0.5 8.119 8.239 7.911 8.128 8.043 8.005
6800.0 4.0 -4.0 8.063 8.149 7.849 8.045 7.966 7.932
6800.0 4.0 -3.5 8.067 8.153 7.852 8.048 7.969 7.935
6800.0 4.0 -3.0 8.069 8.155 7.854 8.051 7.971 7.937
6800.0 4.0 -2.5 8.074 8.161 7.858 8.057 7.977 7.942
6800.0 4.0 -2.0 8.082 8.171 7.865 8.065 7.984 7.950
6800.0 4.0 -1.5 8.091 8.183 7.874 8.076 7.995 7.960
6800.0 4.0 -1.0 8.106 8.202 7.888 8.094 8.011 7.976
6800.0 4.0 -0.5 8.112 8.213 7.899 8.105 8.023 7.987
6800.0 4.0 0.0 8.115 8.224 7.904 8.115 8.031 7.994
6800.0 4.0 0.3 8.118 8.233 7.911 8.124 8.039 8.002
6800.0 4.0 0.5 8.117 8.236 7.915 8.128 8.043 8.006
6800.0 4.5 -4.0 8.060 8.145 7.851 8.043 7.965 7.932
6800.0 4.5 -3.5 8.062 8.146 7.852 8.045 7.967 7.933
6800.0 4.5 -3.0 8.064 8.149 7.854 8.048 7.969 7.936
6800.0 4.5 -2.5 8.070 8.155 7.859 8.053 7.974 7.941
6800.0 4.5 -2.0 8.077 8.164 7.865 8.061 7.981 7.948
6800.0 4.5 -1.5 8.084 8.175 7.873 8.071 7.991 7.957
6800.0 4.5 -1.0 8.101 8.196 7.888 8.090 8.009 7.974
6800.0 4.5 -0.5 8.111 8.211 7.900 8.104 8.023 7.987
6800.0 4.5 0.0 8.115 8.223 7.908 8.115 8.033 7.996
6800.0 4.5 0.3 8.119 8.233 7.916 8.125 8.042 8.005
6800.0 4.5 0.5 8.117 8.235 7.919 8.129 8.046 8.009
6800.0 5.0 -4.0 8.056 8.140 7.851 8.041 7.964 7.931
6800.0 5.0 -3.5 8.057 8.141 7.852 8.042 7.965 7.932
6800.0 5.0 -3.0 8.060 8.144 7.854 8.044 7.968 7.935
6800.0 5.0 -2.5 8.064 8.149 7.859 8.050 7.972 7.939
6800.0 5.0 -2.0 8.071 8.158 7.865 8.057 7.980 7.946
6800.0 5.0 -1.5 8.081 8.170 7.873 8.068 7.990 7.956
6800.0 5.0 -1.0 8.095 8.189 7.887 8.085 8.006 7.971
6800.0 5.0 -0.5 8.106 8.206 7.900 8.101 8.021 7.986
6800.0 5.0 0.0 8.112 8.220 7.911 8.115 8.033 7.998
6800.0 5.0 0.3 8.117 8.231 7.919 8.126 8.044 8.007
6800.0 5.0 0.5 8.117 8.236 7.924 8.132 8.049 8.013
6900.0 -0.5 -4.0 7.585 7.672 7.302 7.533 7.430 7.388
6900.0 -0.5 -3.5 7.563 7.650 7.280 7.512 7.408 7.365
6900.0 -0.5 -3.0 7.534 7.622 7.250 7.483 7.379 7.336
6900.0 -0.5 -2.5 7.549 7.638 7.265 7.500 7.395 7.352
6900.0 -0.5 -2.0 7.560 7.650 7.276 7.512 7.407 7.364
6900.0 -0.5 -1.5 7.579 7.672 7.296 7.532 7.427 7.384
6900.0 -0.5 -1.0 7.606 7.702 7.325 7.563 7.457 7.413
6900.0 -0.5 -0.5 7.859 7.966 7.586 7.825 7.720 7.676
6900.0 -0.5 0.0 7.870 7.985 7.603 7.844 7.738 7.694
6900.0 -0.5 0.3 7.650 7.760 7.378 7.620 7.515 7.470
6900.0 -0.5 0.5 7.660 7.776 7.396 7.637 7.532 7.487
6900.0 0.0 -4.0 7.841 7.927 7.561 7.790 7.689 7.648
6900.0 0.0 -3.5 7.836 7.922 7.555 7.784 7.683 7.641
6900.0 0.0 -3.0 7.829 7.916 7.546 7.777 7.675 7.633
6900.0 0.0 -2.5 7.848 7.936 7.564 7.796 7.694 7.651
6900.0 0.0 -2.0 7.860 7.950 7.576 7.810 7.707 7.664
6900.0 0.0 -1.5 7.853 7.945 7.571 7.805 7.702 7.660
6900.0 0.0 -1.0 7.895 7.990 7.612 7.848 7.744 7.701
6900.0 0.0 -0.5 8.016 8.122 7.743 7.981 7.878 7.835
6900.0 0.0 0.0 8.019 8.135 7.753 7.993 7.889 7.845
6900.0 0.0 0.3 7.914 8.027 7.643 7.884 7.779 7.734
6900.0 0.0 0.5 7.912 8.031 7.649 7.889 7.784 7.740
6900.0 0.5 -4.0 7.956 8.043 7.682 7.910 7.812 7.771
6900.0 0.5 -3.5 7.955 8.043 7.680 7.909 7.811 7.770
6900.0 0.5 -3.0 7.954 8.042 7.678 7.907 7.809 7.768
6900.0 0.5 -2.5 7.971 8.059 7.693 7.924 7.824 7.783
6900.0 0.5 -2.0 7.981 8.071 7.703 7.935 7.835 7.793
6900.0 0.5 -1.5 7.993 8.085 7.714 7.948 7.847 7.805
6900.0 0.5 -1.0 8.009 8.105 7.731 7.966 7.865 7.823
6900.0 0.5 -0.5 8.085 8.190 7.814 8.052 7.951 7.909
6900.0 0.5 0.0 8.084 8.198 7.820 8.059 7.958 7.915
6900.0 0.5 0.3 8.020 8.133 7.752 7.993 7.890 7.846
6900.0 0.5 0.5 8.017 8.134 7.756 7.995 7.893 7.850
6900.0 1.0 -4.0 8.022 8.111 7.755 7.982 7.887 7.847
6900.0 1.0 -3.5 8.024 8.113 7.757 7.983 7.888 7.848
6900.0 1.0 -3.0 8.026 8.116 7.758 7.985 7.889 7.849
6900.0 1.0 -2.5 8.039 8.130 7.769 7.998 7.902 7.862
6900.0 1.0 -2.0 8.048 8.140 7.777 8.007 7.910 7.870
6900.0 1.0 -1.5 8.057 8.151 7.786 8.018 7.920 7.879
6900.0 1.0 -1.0 8.071 8.168 7.800 8.033 7.935 7.894
6900.0 1.0 -0.5 8.121 8.230 7.857 8.095 7.997 7.955
6900.0 1.0 0.0 8.118 8.234 7.860 8.099 8.000 7.957
6900.0 1.0 0.3 8.079 8.194 7.818 8.058 7.957 7.915
6900.0 1.0 0.5 8.075 8.194 7.821 8.060 7.960 7.917
6900.0 1.5 -4.0 8.069 8.160 7.811 8.035 7.943 7.904
6900.0 1.5 -3.5 8.071 8.163 7.813 8.038 7.945 7.906
6900.0 1.5 -3.0 8.075 8.167 7.816 8.041 7.948 7.909
6900.0 1.5 -2.5 8.086 8.178 7.825 8.051 7.958 7.919
6900.0 1.5 -2.0 8.092 8.186 7.831 8.058 7.964 7.925
6900.0 1.5 -1.5 8.099 8.195 7.837 8.067 7.972 7.932
6900.0 1.5 -1.0 8.111 8.210 7.849 8.081 7.986 7.945
6900.0 1.5 -0.5 8.120 8.225 7.860 8.094 7.998 7.957
6900.0 1.5 0.0 8.140 8.259 7.890 8.128 8.031 7.990
6900.0 1.5 0.3 8.119 8.236 7.867 8.105 8.008 7.966
6900.0 1.5 0.5 8.116 8.237 7.870 8.107 8.010 7.968
6900.0 2.0 -4.0 8.084 8.175 7.834 8.055 7.965 7.927
6900.0 2.0 -3.5 8.085 8.177 7.836 8.056 7.966 7.928
6900.0 2.0 -3.0 8.089 8.181 7.839 8.060 7.970 7.932
6900.0 2.0 -2.5 8.101 8.194 7.848 8.071 7.980 7.942
6900.0 2.0 -2.0 8.102 8.196 7.850 8.074 7.983 7.945
6900.0 2.0 -1.5 8.106 8.203 7.855 8.080 7.989 7.950
6900.0 2.0 -1.0 8.123 8.224 7.871 8.099 8.006 7.967
6900.0 2.0 -0.5 8.134 8.240 7.883 8.114 8.020 7.980
6900.0 2.0 0.0 8.150 8.270 7.907 8.143 8.049 8.008
6900.0 2.0 0.3 8.132 8.250 7.889 8.124 8.029 7.988
6900.0 2.0 0.5 8.130 8.252 7.892 8.127 8.033 7.992
6900.0 2.5 -4.0 8.091 8.182 7.849 8.065 7.978 7.941
6900.0 2.5 -3.5 8.092 8.183 7.850 8.066 7.979 7.942
6900.0 2.5 -3.0 8.096 8.187 7.854 8.070 7.983 7.946
6900.0 2.5 -2.5 8.102 8.195 7.858 8.077 7.988 7.951
6900.0 2.5 -2.0 8.109 8.203 7.864 8.084 7.995 7.958
6900.0 2.5 -1.5 8.116 8.212 7.870 8.092 8.003 7.965
6900.0 2.5 -1.0 8.121 8.221 7.877 8.101 8.011 7.972
6900.0 2.5 -0.5 8.138 8.243 7.895 8.122 8.030 7.992
