WFIRST_fluxes_BTSettlAGSS2009.txt
# %ECSV 0.9
# ---
# datatype:
# - {name: teff, unit: K, datatype: float64}
# - {name: logg, unit: dex, datatype: float64}
# - {name: mh, unit: dex, datatype: float64}
# - {name: STIS_50CCD, unit: 'log [W/m2/um] at surface', datatype: float64, format: .3f}
# - {name: CGI_narrow, unit: 'log [W/m2/um] at surface', datatype: float64, format: .3f}
# - {name: CGI_wide, unit: 'log [W/m2/um] at surface', datatype: float64, format: .3f}
# - {name: CGI_IFS660, unit: 'log [W/m2/um] at surface', datatype: float64, format: .3f}
# - {name: CGI_IFS730, unit: 'log [W/m2/um] at surface', datatype: float64, format: .3f}
# - {name: CGI_IFS760, unit: 'log [W/m2/um] at surface', datatype: float64, format: .3f}
# - {name: 2MASS_H, unit: 'log [W/m2/um] at surface', datatype: float64, format: .3f}
# - {name: UKIDSS_Y, unit: 'log [W/m2/um] at surface', datatype: float64, format: .3f}
# - {name: MKO_J, unit: 'log [W/m2/um] at surface', datatype: float64, format: .3f}
# - {name: MKO_H, unit: 'log [W/m2/um] at surface', datatype: float64, format: .3f}
# - {name: MKO_Ks, unit: 'log [W/m2/um] at surface', datatype: float64, format: .3f}
# - {name: Johnson_V, unit: 'log [W/m2/um] at surface', datatype: float64, format: .3f}
# - {name: Gaia_G_revised, unit: 'log [W/m2/um] at surface', datatype: float64, format: .3f}
# schema: astropy-2.0
teff logg mh STIS_50CCD CGI_narrow CGI_wide CGI_IFS660 CGI_IFS730 CGI_IFS760 2MASS_H UKIDSS_Y MKO_J MKO_H MKO_Ks Johnson_V Gaia_G_revised
[from data line 5971]
6800.0 -0.5 -4.0 7.571 7.658 7.296 7.522 7.422 7.380 6.460 7.090 6.831 6.472 6.067 7.701 7.564
6800.0 -0.5 -3.5 7.551 7.638 7.275 7.502 7.401 7.359 6.436 7.067 6.807 6.448 6.043 7.681 7.544
6800.0 -0.5 -3.0 7.518 7.606 7.242 7.470 7.368 7.326 6.398 7.031 6.770 6.410 6.007 7.649 7.511
6800.0 -0.5 -2.5 7.546 7.636 7.269 7.499 7.397 7.354 6.424 7.058 6.796 6.436 6.032 7.678 7.539
6800.0 -0.5 -2.0 7.562 7.653 7.285 7.516 7.413 7.371 6.438 7.073 6.810 6.450 6.046 7.695 7.555
6800.0 -0.5 -1.5 7.591 7.684 7.314 7.547 7.443 7.401 6.466 7.101 6.839 6.478 6.074 7.725 7.584
6800.0 -0.5 -1.0 7.610 7.707 7.335 7.569 7.465 7.422 6.485 7.121 6.858 6.497 6.093 7.747 7.605
6800.0 -0.5 -0.5 7.807 7.915 7.540 7.775 7.672 7.628 6.694 7.330 7.066 6.706 6.299 7.949 7.806
6800.0 -0.5 0.0 7.805 7.921 7.545 7.781 7.678 7.634 6.695 7.332 7.067 6.707 6.301 7.951 7.806
6800.0 -0.5 0.3 7.592 7.705 7.328 7.566 7.461 7.417 6.468 7.108 6.843 6.480 6.074 7.736 7.591
6800.0 -0.5 0.5 7.602 7.720 7.346 7.583 7.479 7.435 6.489 7.127 6.863 6.501 6.095 7.749 7.603
6800.0 0.0 -4.0 7.819 7.906 7.549 7.773 7.675 7.635 6.731 7.350 7.098 6.743 6.336 7.948 7.813
6800.0 0.0 -3.5 7.813 7.901 7.543 7.767 7.669 7.628 6.722 7.343 7.090 6.734 6.327 7.943 7.807
6800.0 0.0 -3.0 7.804 7.892 7.532 7.758 7.659 7.618 6.708 7.332 7.077 6.720 6.314 7.934 7.798
6800.0 0.0 -2.5 7.828 7.917 7.555 7.782 7.682 7.641 6.728 7.355 7.098 6.740 6.334 7.959 7.822
6800.0 0.0 -2.0 7.843 7.934 7.569 7.798 7.697 7.656 6.740 7.368 7.111 6.752 6.346 7.975 7.837
6800.0 0.0 -1.5 7.863 7.956 7.590 7.819 7.719 7.677 6.759 7.388 7.130 6.771 6.365 7.997 7.858
6800.0 0.0 -1.0 7.879 7.975 7.606 7.838 7.736 7.694 6.774 7.404 7.145 6.786 6.379 8.014 7.874
6800.0 0.0 -0.5 7.968 8.075 7.702 7.936 7.835 7.792 6.871 7.500 7.241 6.883 6.475 8.108 7.967
6800.0 0.0 0.0 7.965 8.081 7.707 7.942 7.840 7.797 6.870 7.503 7.242 6.882 6.475 8.109 7.966
6800.0 0.0 0.3 7.867 7.983 7.607 7.843 7.741 7.697 6.764 7.401 7.137 6.776 6.369 8.012 7.868
6800.0 0.0 0.5 7.867 7.988 7.614 7.850 7.748 7.704 6.771 7.407 7.144 6.783 6.377 8.014 7.869
6800.0 0.5 -4.0 7.931 8.020 7.668 7.891 7.796 7.756 6.862 7.470 7.227 6.874 6.466 8.061 7.926
6800.0 0.5 -3.5 7.931 8.019 7.667 7.890 7.795 7.755 6.859 7.469 7.224 6.871 6.463 8.060 7.925
6800.0 0.5 -3.0 7.926 8.016 7.662 7.886 7.790 7.750 6.850 7.464 7.217 6.863 6.455 8.056 7.921
6800.0 0.5 -2.5 7.948 8.038 7.682 7.907 7.811 7.771 6.869 7.484 7.236 6.881 6.473 8.079 7.943
6800.0 0.5 -2.0 7.960 8.052 7.694 7.920 7.823 7.783 6.878 7.495 7.246 6.890 6.483 8.092 7.956
6800.0 0.5 -1.5 7.976 8.070 7.709 7.937 7.840 7.799 6.892 7.510 7.260 6.904 6.496 8.109 7.972
6800.0 0.5 -1.0 7.988 8.085 7.722 7.952 7.854 7.812 6.902 7.522 7.271 6.914 6.506 8.123 7.985
6800.0 0.5 -0.5 8.041 8.148 7.778 8.012 7.913 7.871 6.956 7.578 7.325 6.969 6.559 8.180 8.040
6800.0 0.5 0.0 8.037 8.152 7.782 8.017 7.918 7.875 6.955 7.581 7.325 6.968 6.559 8.180 8.039
6800.0 0.5 0.3 7.980 8.096 7.725 7.960 7.860 7.818 6.894 7.523 7.266 6.907 6.499 8.125 7.981
6800.0 0.5 0.5 7.977 8.097 7.729 7.964 7.864 7.822 6.898 7.527 7.270 6.910 6.503 8.124 7.980
6800.0 1.0 -4.0 7.996 8.086 7.741 7.961 7.869 7.830 6.943 7.541 7.304 6.955 6.545 8.124 7.991
6800.0 1.0 -3.5 7.997 8.088 7.742 7.963 7.871 7.832 6.942 7.542 7.305 6.955 6.545 8.126 7.992
6800.0 1.0 -3.0 7.994 8.084 7.738 7.959 7.867 7.828 6.936 7.538 7.299 6.948 6.539 8.123 7.989
6800.0 1.0 -2.5 8.015 8.106 7.756 7.979 7.886 7.847 6.952 7.556 7.316 6.965 6.555 8.144 8.010
6800.0 1.0 -2.0 8.024 8.117 7.766 7.990 7.896 7.857 6.959 7.565 7.324 6.971 6.562 8.155 8.020
6800.0 1.0 -1.5 8.036 8.132 7.777 8.004 7.909 7.869 6.968 7.576 7.334 6.981 6.571 8.169 8.033
6800.0 1.0 -1.0 8.046 8.145 7.788 8.016 7.921 7.881 6.975 7.586 7.342 6.988 6.579 8.180 8.044
6800.0 1.0 -0.5 8.082 8.192 7.826 8.060 7.964 7.922 7.008 7.623 7.376 7.020 6.610 8.221 8.083
6800.0 1.0 0.0 8.076 8.193 7.828 8.062 7.965 7.924 7.007 7.625 7.376 7.020 6.610 8.219 8.079
6800.0 1.0 0.3 8.044 8.161 7.796 8.030 7.933 7.891 6.972 7.593 7.343 6.985 6.576 8.188 8.046
6800.0 1.0 0.5 8.041 8.161 7.798 8.032 7.935 7.893 6.974 7.595 7.345 6.987 6.579 8.186 8.044
6800.0 1.5 -4.0 8.043 8.134 7.796 8.014 7.924 7.886 7.003 7.592 7.362 7.016 6.605 8.170 8.038
6800.0 1.5 -3.5 8.045 8.136 7.798 8.016 7.926 7.888 7.004 7.594 7.363 7.017 6.606 8.173 8.040
6800.0 1.5 -3.0 8.048 8.141 7.800 8.020 7.929 7.891 7.004 7.596 7.364 7.017 6.606 8.177 8.044
6800.0 1.5 -2.5 8.060 8.153 7.810 8.031 7.940 7.902 7.012 7.605 7.373 7.025 6.614 8.189 8.055
6800.0 1.5 -2.0 8.067 8.162 7.817 8.039 7.948 7.909 7.016 7.612 7.378 7.029 6.618 8.197 8.063
6800.0 1.5 -1.5 8.076 8.173 7.826 8.050 7.958 7.919 7.022 7.620 7.385 7.035 6.624 8.208 8.073
6800.0 1.5 -1.0 8.086 8.186 7.836 8.062 7.969 7.930 7.027 7.629 7.392 7.040 6.630 8.219 8.083
6800.0 1.5 -0.5 8.093 8.199 7.844 8.073 7.979 7.940 7.032 7.638 7.398 7.046 6.635 8.229 8.092
6800.0 1.5 0.0 8.105 8.224 7.865 8.097 8.003 7.962 7.047 7.658 7.415 7.060 6.650 8.248 8.108
6800.0 1.5 0.3 8.087 8.206 7.848 8.080 7.986 7.945 7.028 7.641 7.398 7.042 6.632 8.230 8.090
6800.0 1.5 0.5 8.084 8.206 7.851 8.082 7.988 7.947 7.029 7.643 7.400 7.043 6.634 8.228 8.088
6800.0 2.0 -4.0 8.057 8.149 7.818 8.032 7.945 7.908 7.030 7.610 7.385 7.044 6.632 8.183 8.052
6800.0 2.0 -3.5 8.058 8.149 7.819 8.033 7.946 7.909 7.030 7.611 7.386 7.044 6.632 8.184 8.052
6800.0 2.0 -3.0 8.062 8.155 7.823 8.038 7.950 7.913 7.031 7.614 7.388 7.045 6.633 8.189 8.057
6800.0 2.0 -2.5 8.075 8.169 7.832 8.050 7.961 7.924 7.039 7.623 7.396 7.053 6.640 8.203 8.070
6800.0 2.0 -2.0 8.078 8.173 7.836 8.054 7.966 7.928 7.041 7.627 7.399 7.055 6.643 8.207 8.074
6800.0 2.0 -1.5 8.086 8.183 7.845 8.065 7.976 7.938 7.045 7.635 7.405 7.059 6.647 8.216 8.083
6800.0 2.0 -1.0 8.096 8.197 7.856 8.077 7.988 7.949 7.050 7.644 7.412 7.064 6.653 8.228 8.094
6800.0 2.0 -0.5 8.107 8.213 7.866 8.092 8.001 7.962 7.055 7.655 7.420 7.069 6.658 8.242 8.107
6800.0 2.0 0.0 8.116 8.236 7.883 8.112 8.021 7.981 7.067 7.672 7.434 7.081 6.669 8.257 8.119
6800.0 2.0 0.3 8.102 8.220 7.871 8.099 8.008 7.968 7.053 7.659 7.421 7.067 6.657 8.243 8.105
6800.0 2.0 0.5 8.100 8.223 7.874 8.103 8.011 7.971 7.055 7.662 7.424 7.069 6.659 8.243 8.104
6800.0 2.5 -4.0 8.064 8.154 7.832 8.042 7.957 7.921 7.049 7.619 7.400 7.063 6.650 8.187 8.058
6800.0 2.5 -3.5 8.064 8.155 7.833 8.043 7.958 7.922 7.049 7.620 7.400 7.063 6.650 8.188 8.058
6800.0 2.5 -3.0 8.069 8.160 7.836 8.047 7.962 7.926 7.050 7.624 7.403 7.065 6.652 8.193 8.063
6800.0 2.5 -2.5 8.076 8.168 7.842 8.054 7.968 7.932 7.054 7.628 7.407 7.068 6.655 8.201 8.070
6800.0 2.5 -2.0 8.084 8.178 7.849 8.063 7.976 7.940 7.058 7.635 7.412 7.073 6.659 8.210 8.079
6800.0 2.5 -1.5 8.094 8.191 7.858 8.075 7.988 7.950 7.063 7.643 7.419 7.077 6.664 8.222 8.090
6800.0 2.5 -1.0 8.103 8.203 7.868 8.087 7.999 7.962 7.067 7.653 7.426 7.081 6.668 8.233 8.100
6800.0 2.5 -0.5 8.111 8.216 7.878 8.099 8.010 7.972 7.071 7.661 7.432 7.085 6.673 8.244 8.110
6800.0 2.5 0.0 8.110 8.223 7.880 8.104 8.015 7.976 7.071 7.664 7.433 7.085 6.672 8.247 8.111
6800.0 2.5 0.3 8.111 8.229 7.887 8.112 8.022 7.983 7.072 7.670 7.437 7.086 6.675 8.251 8.115
6800.0 2.5 0.5 8.109 8.231 7.890 8.115 8.026 7.987 7.072 7.672 7.439 7.087 6.676 8.250 8.113
6800.0 3.0 -4.0 8.067 8.156 7.842 8.047 7.965 7.930 7.064 7.626 7.410 7.079 6.664 8.187 8.060
6800.0 3.0 -3.5 8.065 8.155 7.842 8.046 7.964 7.929 7.063 7.625 7.410 7.078 6.664 8.186 8.058
6800.0 3.0 -3.0 8.073 8.163 7.848 8.054 7.971 7.935 7.066 7.631 7.414 7.081 6.666 8.194 8.066
6800.0 3.0 -2.5 8.082 8.173 7.853 8.062 7.978 7.942 7.070 7.636 7.419 7.085 6.670 8.205 8.076
6800.0 3.0 -2.0 8.092 8.185 7.862 8.072 7.987 7.951 7.074 7.643 7.425 7.089 6.674 8.216 8.086
6800.0 3.0 -1.5 8.103 8.199 7.873 8.085 8.000 7.964 7.078 7.653 7.432 7.093 6.679 8.229 8.098
6800.0 3.0 -1.0 8.103 8.202 7.877 8.090 8.005 7.968 7.079 7.657 7.434 7.094 6.680 8.230 8.100
6800.0 3.0 -0.5 8.117 8.221 7.890 8.107 8.020 7.983 7.084 7.669 7.443 7.099 6.686 8.247 8.115
6800.0 3.0 0.0 8.116 8.228 7.893 8.113 8.025 7.987 7.086 7.671 7.445 7.101 6.687 8.250 8.117
6800.0 3.0 0.3 8.118 8.235 7.900 8.121 8.033 7.995 7.087 7.677 7.449 7.101 6.689 8.255 8.121
6800.0 3.0 0.5 8.116 8.237 7.903 8.124 8.036 7.998 7.087 7.680 7.451 7.102 6.690 8.255 8.120
6800.0 3.5 -4.0 8.067 8.155 7.848 8.049 7.968 7.933 7.073 7.628 7.415 7.088 6.672 8.185 8.059
6800.0 3.5 -3.5 8.068 8.156 7.849 8.050 7.969 7.934 7.073 7.629 7.416 7.089 6.672 8.186 8.060
6800.0 3.5 -3.0 8.071 8.159 7.851 8.053 7.971 7.937 7.074 7.631 7.418 7.089 6.673 8.189 8.063
6800.0 3.5 -2.5 8.076 8.165 7.856 8.058 7.977 7.942 7.076 7.635 7.421 7.092 6.675 8.195 8.069
6800.0 3.5 -2.0 8.084 8.175 7.863 8.067 7.985 7.950 7.080 7.641 7.426 7.095 6.679 8.204 8.077
6800.0 3.5 -1.5 8.092 8.186 7.870 8.077 7.994 7.958 7.084 7.647 7.431 7.099 6.682 8.214 8.086
6800.0 3.5 -1.0 8.105 8.203 7.883 8.092 8.008 7.972 7.088 7.658 7.439 7.103 6.687 8.230 8.100
6800.0 3.5 -0.5 8.115 8.218 7.895 8.107 8.023 7.986 7.092 7.669 7.447 7.107 6.692 8.243 8.113
6800.0 3.5 0.0 8.116 8.226 7.900 8.114 8.029 7.992 7.094 7.673 7.450 7.109 6.694 8.247 8.116
6800.0 3.5 0.3 8.115 8.231 7.905 8.120 8.035 7.997 7.095 7.677 7.454 7.110 6.696 8.250 8.118
6800.0 3.5 0.5 8.119 8.239 7.911 8.128 8.043 8.005 7.096 7.683 7.458 7.112 6.698 8.256 8.123
6800.0 4.0 -4.0 8.063 8.149 7.849 8.045 7.966 7.932 7.078 7.627 7.416 7.094 6.676 8.178 8.054
6800.0 4.0 -3.5 8.067 8.153 7.852 8.048 7.969 7.935 7.080 7.628 7.418 7.095 6.677 8.182 8.057
6800.0 4.0 -3.0 8.069 8.155 7.854 8.051 7.971 7.937 7.080 7.630 7.420 7.096 6.678 8.184 8.060
6800.0 4.0 -2.5 8.074 8.161 7.858 8.057 7.977 7.942 7.082 7.634 7.423 7.098 6.680 8.190 8.065
6800.0 4.0 -2.0 8.082 8.171 7.865 8.065 7.984 7.950 7.086 7.640 7.428 7.101 6.683 8.199 8.073
6800.0 4.0 -1.5 8.091 8.183 7.874 8.076 7.995 7.960 7.090 7.648 7.434 7.105 6.687 8.210 8.084
6800.0 4.0 -1.0 8.106 8.202 7.888 8.094 8.011 7.976 7.094 7.660 7.443 7.109 6.692 8.228 8.100
6800.0 4.0 -0.5 8.112 8.213 7.899 8.105 8.023 7.987 7.096 7.669 7.449 7.112 6.696 8.237 8.109
6800.0 4.0 0.0 8.115 8.224 7.904 8.115 8.031 7.994 7.101 7.674 7.454 7.116 6.699 8.245 8.115
6800.0 4.0 0.3 8.118 8.233 7.911 8.124 8.039 8.002 7.103 7.680 7.458 7.118 6.702 8.251 8.120
6800.0 4.0 0.5 8.117 8.236 7.915 8.128 8.043 8.006 7.103 7.682 7.460 7.118 6.703 8.251 8.120
6800.0 4.5 -4.0 8.060 8.145 7.851 8.043 7.965 7.932 7.082 7.626 7.417 7.098 6.679 8.172 8.050
6800.0 4.5 -3.5 8.062 8.146 7.852 8.045 7.967 7.933 7.083 7.627 7.418 7.098 6.679 8.174 8.051
6800.0 4.5 -3.0 8.064 8.149 7.854 8.048 7.969 7.936 7.084 7.629 7.420 7.099 6.680 8.177 8.054
6800.0 4.5 -2.5 8.070 8.155 7.859 8.053 7.974 7.941 7.086 7.633 7.423 7.102 6.682 8.183 8.060
6800.0 4.5 -2.0 8.077 8.164 7.865 8.061 7.981 7.948 7.089 7.638 7.427 7.105 6.685 8.191 8.067
6800.0 4.5 -1.5 8.084 8.175 7.873 8.071 7.991 7.957 7.092 7.644 7.432 7.108 6.689 8.201 8.076
6800.0 4.5 -1.0 8.101 8.196 7.888 8.090 8.009 7.974 7.098 7.657 7.443 7.114 6.695 8.220 8.095
6800.0 4.5 -0.5 8.111 8.211 7.900 8.104 8.023 7.987 7.102 7.668 7.450 7.118 6.699 8.233 8.107
6800.0 4.5 0.0 8.115 8.223 7.908 8.115 8.033 7.996 7.107 7.674 7.456 7.122 6.703 8.243 8.114
6800.0 4.5 0.3 8.119 8.233 7.916 8.125 8.042 8.005 7.109 7.680 7.461 7.124 6.706 8.250 8.120
6800.0 4.5 0.5 8.117 8.235 7.919 8.129 8.046 8.009 7.108 7.682 7.463 7.124 6.707 8.249 8.120
6800.0 5.0 -4.0 8.056 8.140 7.851 8.041 7.964 7.931 7.084 7.625 7.417 7.099 6.679 8.166 8.045
6800.0 5.0 -3.5 8.057 8.141 7.852 8.042 7.965 7.932 7.084 7.626 7.417 7.100 6.680 8.167 8.046
6800.0 5.0 -3.0 8.060 8.144 7.854 8.044 7.968 7.935 7.085 7.628 7.419 7.101 6.681 8.170 8.049
6800.0 5.0 -2.5 8.064 8.149 7.859 8.050 7.972 7.939 7.087 7.631 7.422 7.102 6.682 8.176 8.054
6800.0 5.0 -2.0 8.071 8.158 7.865 8.057 7.980 7.946 7.090 7.636 7.426 7.105 6.685 8.184 8.062
6800.0 5.0 -1.5 8.081 8.170 7.873 8.068 7.990 7.956 7.094 7.643 7.432 7.110 6.690 8.195 8.072
6800.0 5.0 -1.0 8.095 8.189 7.887 8.085 8.006 7.971 7.100 7.655 7.441 7.115 6.695 8.212 8.088
6800.0 5.0 -0.5 8.106 8.206 7.900 8.101 8.021 7.986 7.105 7.666 7.450 7.121 6.701 8.227 8.102
6800.0 5.0 0.0 8.112 8.220 7.911 8.115 8.033 7.998 7.110 7.674 7.457 7.126 6.706 8.238 8.112
6800.0 5.0 0.3 8.117 8.231 7.919 8.126 8.044 8.007 7.112 7.681 7.462 7.128 6.709 8.245 8.118
6800.0 5.0 0.5 8.117 8.236 7.924 8.132 8.049 8.013 7.113 7.685 7.465 7.129 6.710 8.247 8.121
6900.0 -0.5 -4.0 7.585 7.672 7.302 7.533 7.430 7.388 6.456 7.091 6.829 6.468 6.062 7.716 7.577
6900.0 -0.5 -3.5 7.563 7.650 7.280 7.512 7.408 7.365 6.430 7.067 6.804 6.442 6.037 7.694 7.555
6900.0 -0.5 -3.0 7.534 7.622 7.250 7.483 7.379 7.336 6.397 7.035 6.771 6.409 6.005 7.665 7.525
6900.0 -0.5 -2.5 7.549 7.638 7.265 7.500 7.395 7.352 6.411 7.049 6.785 6.423 6.019 7.681 7.540
6900.0 -0.5 -2.0 7.560 7.650 7.276 7.512 7.407 7.364 6.420 7.058 6.795 6.432 6.028 7.692 7.551
6900.0 -0.5 -1.5 7.579 7.672 7.296 7.532 7.427 7.384 6.441 7.080 6.815 6.453 6.047 7.713 7.571
6900.0 -0.5 -1.0 7.606 7.702 7.325 7.563 7.457 7.413 6.466 7.106 6.841 6.478 6.073 7.742 7.599
6900.0 -0.5 -0.5 7.859 7.966 7.586 7.825 7.720 7.676 6.733 7.373 7.108 6.745 6.337 8.001 7.857
6900.0 -0.5 0.0 7.870 7.985 7.603 7.844 7.738 7.694 6.746 7.387 7.121 6.758 6.350 8.016 7.870
6900.0 -0.5 0.3 7.650 7.760 7.378 7.620 7.515 7.470 6.513 7.155 6.889 6.525 6.118 7.793 7.647
6900.0 -0.5 0.5 7.660 7.776 7.396 7.637 7.532 7.487 6.533 7.174 6.909 6.545 6.139 7.806 7.659
6900.0 0.0 -4.0 7.841 7.927 7.561 7.790 7.689 7.648 6.732 7.360 7.103 6.744 6.336 7.971 7.834
6900.0 0.0 -3.5 7.836 7.922 7.555 7.784 7.683 7.641 6.724 7.353 7.095 6.736 6.328 7.966 7.828
6900.0 0.0 -3.0 7.829 7.916 7.546 7.777 7.675 7.633 6.712 7.344 7.085 6.724 6.317 7.960 7.822
6900.0 0.0 -2.5 7.848 7.936 7.564 7.796 7.694 7.651 6.728 7.361 7.101 6.740 6.333 7.979 7.841
6900.0 0.0 -2.0 7.860 7.950 7.576 7.810 7.707 7.664 6.738 7.373 7.112 6.750 6.343 7.993 7.853
6900.0 0.0 -1.5 7.853 7.945 7.571 7.805 7.702 7.660 6.736 7.368 7.108 6.748 6.340 7.987 7.847
6900.0 0.0 -1.0 7.895 7.990 7.612 7.848 7.744 7.701 6.770 7.407 7.144 6.782 6.375 8.031 7.889
6900.0 0.0 -0.5 8.016 8.122 7.743 7.981 7.878 7.835 6.903 7.538 7.277 6.916 6.506 8.157 8.014
6900.0 0.0 0.0 8.019 8.135 7.753 7.993 7.889 7.845 6.909 7.546 7.283 6.921 6.512 8.165 8.020
6900.0 0.0 0.3 7.914 8.027 7.643 7.884 7.779 7.734 6.792 7.434 7.167 6.804 6.396 8.059 7.913
6900.0 0.0 0.5 7.912 8.031 7.649 7.889 7.784 7.740 6.798 7.439 7.173 6.810 6.403 8.060 7.913
6900.0 0.5 -4.0 7.956 8.043 7.682 7.910 7.812 7.771 6.865 7.483 7.234 6.878 6.468 8.086 7.949
6900.0 0.5 -3.5 7.955 8.043 7.680 7.909 7.811 7.770 6.862 7.481 7.231 6.874 6.465 8.085 7.949
6900.0 0.5 -3.0 7.954 8.042 7.678 7.907 7.809 7.768 6.857 7.479 7.227 6.869 6.461 8.085 7.948
6900.0 0.5 -2.5 7.971 8.059 7.693 7.924 7.824 7.783 6.870 7.494 7.241 6.882 6.474 8.102 7.964
6900.0 0.5 -2.0 7.981 8.071 7.703 7.935 7.835 7.793 6.878 7.503 7.249 6.890 6.482 8.113 7.975
6900.0 0.5 -1.5 7.993 8.085 7.714 7.948 7.847 7.805 6.888 7.514 7.260 6.900 6.491 8.127 7.987
6900.0 0.5 -1.0 8.009 8.105 7.731 7.966 7.865 7.823 6.902 7.530 7.274 6.914 6.506 8.144 8.004
6900.0 0.5 -0.5 8.085 8.190 7.814 8.052 7.951 7.909 6.984 7.611 7.356 6.996 6.586 8.224 8.083
6900.0 0.5 0.0 8.084 8.198 7.820 8.059 7.958 7.915 6.985 7.616 7.358 6.997 6.588 8.228 8.085
6900.0 0.5 0.3 8.020 8.133 7.752 7.993 7.890 7.846 6.913 7.549 7.288 6.926 6.517 8.164 8.020
6900.0 0.5 0.5 8.017 8.134 7.756 7.995 7.893 7.850 6.916 7.552 7.291 6.929 6.521 8.163 8.018
6900.0 1.0 -4.0 8.022 8.111 7.755 7.982 7.887 7.847 6.947 7.555 7.313 6.960 6.549 8.152 8.016
6900.0 1.0 -3.5 8.024 8.113 7.757 7.983 7.888 7.848 6.947 7.556 7.314 6.959 6.549 8.154 8.018
6900.0 1.0 -3.0 8.026 8.116 7.758 7.985 7.889 7.849 6.945 7.557 7.313 6.958 6.548 8.156 8.020
6900.0 1.0 -2.5 8.039 8.130 7.769 7.998 7.902 7.862 6.955 7.568 7.324 6.968 6.558 8.170 8.033
