WFIRST_fluxes_BTSettlAGSS2009.txt
# %ECSV 0.9
# ---
# datatype:
# - {name: teff, unit: K, datatype: float64}
# - {name: logg, unit: dex, datatype: float64}
# - {name: mh, unit: dex, datatype: float64}
# - {name: STIS_50CCD, unit: 'log [W/m2/um] at surface', datatype: float64, format: .3f}
# - {name: CGI_narrow, unit: 'log [W/m2/um] at surface', datatype: float64, format: .3f}
# - {name: CGI_wide, unit: 'log [W/m2/um] at surface', datatype: float64, format: .3f}
# - {name: CGI_IFS660, unit: 'log [W/m2/um] at surface', datatype: float64, format: .3f}
# - {name: CGI_IFS730, unit: 'log [W/m2/um] at surface', datatype: float64, format: .3f}
# - {name: CGI_IFS760, unit: 'log [W/m2/um] at surface', datatype: float64, format: .3f}
# schema: astropy-2.0
teff logg mh STIS_50CCD CGI_narrow CGI_wide CGI_IFS660 CGI_IFS730 CGI_IFS760
800.0 4.5 0.0 2.663 -5.333 1.885 -0.303 -0.096 0.796
800.0 5.0 0.0 2.690 -5.231 1.803 -0.502 -0.258 0.659
800.0 5.5 0.0 2.769 -5.063 1.791 -0.610 -0.316 0.627
900.0 4.5 0.0 2.922 -4.751 2.317 0.370 0.594 1.400
900.0 5.0 0.0 2.965 -4.891 2.238 0.135 0.366 1.226
900.0 5.5 0.0 3.028 -4.831 2.190 -0.043 0.221 1.124
1000.0 4.5 0.0 3.132 -3.833 2.649 0.876 1.155 1.870
1000.0 5.0 0.0 3.191 -4.316 2.607 0.688 0.933 1.723
1000.0 5.5 0.0 3.251 -4.522 2.554 0.488 0.743 1.592
1100.0 4.5 0.0 3.317 -2.708 2.906 1.232 1.583 2.226
1100.0 5.0 0.0 3.384 -3.354 2.910 1.138 1.427 2.139
1100.0 5.5 0.0 3.451 -3.881 2.877 0.965 1.233 2.015
1200.0 4.5 0.0 3.495 -1.694 3.124 1.489 1.912 2.513
1200.0 5.0 0.0 3.560 -2.307 3.166 1.487 1.842 2.485
1200.0 5.5 0.0 3.633 -2.876 3.166 1.388 1.696 2.401
1300.0 4.5 0.0 3.663 -0.956 3.323 1.682 2.161 2.755
1300.0 5.0 0.0 3.730 -1.324 3.388 1.743 2.167 2.772
1300.0 5.5 0.0 3.801 -1.863 3.418 1.725 2.093 2.734
1400.0 4.5 0.0 3.834 -0.393 3.527 1.882 2.406 2.993
1400.0 5.0 0.0 3.891 -0.579 3.598 1.975 2.457 3.032
1400.0 5.5 0.0 3.954 -0.999 3.641 2.008 2.436 3.023
1500.0 4.5 0.0 4.005 -0.049 3.735 2.053 2.604 3.217
1500.0 5.0 0.0 4.049 -0.087 3.788 2.129 2.653 3.243
1500.0 5.5 0.0 4.105 -0.244 3.838 2.193 2.676 3.255
1600.0 4.5 0.0 4.162 0.334 3.957 2.262 2.833 3.455
1600.0 5.0 0.0 4.199 0.331 3.995 2.319 2.876 3.472
1600.0 5.5 0.0 4.246 0.259 4.033 2.374 2.899 3.478
1700.0 4.5 0.0 4.329 0.789 4.189 2.512 3.095 3.707
1700.0 5.0 0.0 4.351 0.769 4.214 2.547 3.125 3.712
1700.0 5.5 0.0 4.386 0.700 4.240 2.576 3.134 3.708
1800.0 4.5 0.0 4.489 1.222 4.419 2.766 3.352 3.953
1800.0 5.0 0.0 4.502 1.188 4.435 2.781 3.371 3.951
1800.0 5.5 0.0 4.529 1.102 4.454 2.782 3.365 3.940
1900.0 4.5 0.0 4.648 1.690 4.656 3.048 3.628 4.208
1900.0 5.0 0.0 4.655 1.639 4.669 3.051 3.642 4.205
1900.0 5.5 0.0 4.677 1.508 4.679 3.020 3.617 4.183
2000.0 4.5 0.0 4.761 3.172 4.833 3.782 4.130 4.468
2000.0 5.0 0.0 4.801 2.192 4.885 3.348 3.924 4.446
2000.0 5.5 0.0 4.813 2.025 4.887 3.295 3.888 4.418
2100.0 4.5 0.0 4.926 3.650 5.063 4.168 4.459 4.736
2100.0 5.0 0.0 4.949 2.627 5.098 3.619 4.185 4.679
2100.0 5.5 0.0 4.953 2.490 5.095 3.569 4.151 4.649
2200.0 4.5 0.0 5.094 4.055 5.288 4.504 4.768 4.998
2200.0 5.0 0.0 5.098 2.932 5.311 3.864 4.441 4.909
2200.0 5.5 0.0 5.098 2.809 5.303 3.806 4.397 4.875
2300.0 5.0 0.0 5.229 3.583 5.486 4.232 4.739 5.123
2300.0 5.5 0.0 5.229 3.529 5.484 4.196 4.703 5.097
2400.0 4.5 0.0 5.442 4.833 5.697 5.166 5.370 5.503
2400.0 5.0 0.0 5.374 3.892 5.674 4.486 5.003 5.342
2400.0 5.5 0.0 5.369 3.831 5.672 4.445 4.958 5.313
2500.0 4.5 0.0 5.575 4.868 5.873 5.208 5.510 5.674
2500.0 5.0 0.0 5.514 4.181 5.845 4.725 5.250 5.547
2500.0 5.5 0.0 5.507 4.092 5.845 4.670 5.196 5.514
2600.0 -0.5 -4.0 5.724 5.147 6.043 5.465 5.773 5.882
2600.0 -0.5 -3.5 5.713 5.050 6.060 5.316 5.735 5.881
2600.0 -0.5 -3.0 5.761 5.027 6.130 5.221 5.768 5.944
2600.0 -0.5 -2.5 5.688 4.869 6.059 5.052 5.676 5.869
2600.0 -0.5 -2.0 5.551 4.510 5.895 4.791 5.482 5.703
2600.0 -0.5 -1.5 5.365 4.138 5.645 4.518 5.201 5.451
2600.0 -0.5 -1.0 5.154 4.025 5.386 4.414 4.917 5.161
2600.0 -0.5 -0.5 5.027 3.875 5.249 4.281 4.727 4.983
2600.0 -0.5 0.0 4.900 3.735 5.110 4.159 4.573 4.822
2600.0 -0.5 0.3 4.836 3.708 5.057 4.141 4.540 4.771
2600.0 -0.5 0.5 4.786 3.621 4.999 4.070 4.472 4.706
2600.0 0.0 -4.0 5.765 5.266 6.065 5.602 5.846 5.928
2600.0 0.0 -3.5 5.797 5.311 6.117 5.578 5.869 5.970
2600.0 0.0 -3.0 5.810 5.309 6.151 5.498 5.865 5.992
2600.0 0.0 -2.5 5.805 5.227 6.162 5.373 5.835 5.992
2600.0 0.0 -2.0 5.706 4.835 6.058 5.061 5.671 5.873
2600.0 0.0 -1.5 5.548 4.456 5.846 4.795 5.431 5.661
2600.0 0.0 -1.0 5.364 4.274 5.611 4.638 5.159 5.400
2600.0 0.0 -0.5 5.242 4.178 5.479 4.549 4.984 5.229
2600.0 0.0 0.0 5.111 4.025 5.332 4.414 4.814 5.056
2600.0 0.0 0.3 5.042 3.991 5.271 4.393 4.773 4.997
2600.0 0.0 0.5 4.989 3.903 5.210 4.320 4.702 4.928
2600.0 0.5 -4.0 5.828 5.365 6.121 5.702 5.922 5.996
2600.0 0.5 -3.5 5.837 5.392 6.145 5.667 5.923 6.012
2600.0 0.5 -3.0 5.857 5.436 6.179 5.635 5.932 6.039
2600.0 0.5 -2.5 5.817 5.328 6.159 5.482 5.865 6.001
2600.0 0.5 -2.0 5.743 5.004 6.091 5.216 5.735 5.916
2600.0 0.5 -1.5 5.623 4.674 5.928 4.984 5.546 5.753
2600.0 0.5 -1.0 5.489 4.497 5.750 4.837 5.333 5.553
2600.0 0.5 -0.5 5.385 4.404 5.637 4.752 5.175 5.403
2600.0 0.5 0.0 5.254 4.228 5.484 4.599 4.988 5.220
2600.0 0.5 0.3 5.188 4.196 5.421 4.579 4.945 5.158
2600.0 0.5 0.5 5.130 4.092 5.353 4.492 4.861 5.080
2600.0 1.0 -4.0 5.869 5.426 6.160 5.757 5.968 6.041
2600.0 1.0 -3.5 5.893 5.491 6.192 5.760 5.989 6.071
2600.0 1.0 -3.0 5.863 5.458 6.182 5.653 5.940 6.045
2600.0 1.0 -2.5 5.833 5.385 6.169 5.533 5.886 6.015
2600.0 1.0 -2.0 5.765 5.145 6.109 5.334 5.775 5.938
2600.0 1.0 -1.5 5.678 4.876 5.996 5.150 5.636 5.823
2600.0 1.0 -1.0 5.561 4.674 5.837 4.989 5.448 5.650
2600.0 1.0 -0.5 5.485 4.581 5.751 4.905 5.317 5.531
2600.0 1.0 0.0 5.356 4.406 5.603 4.754 5.131 5.351
2600.0 1.0 0.3 5.313 4.381 5.557 4.740 5.095 5.303
2600.0 1.0 0.5 5.245 4.250 5.474 4.631 4.990 5.206
2600.0 1.5 -4.0 5.953 5.560 6.239 5.870 6.064 6.132
2600.0 1.5 -3.5 5.933 5.554 6.231 5.811 6.033 6.115
2600.0 1.5 -3.0 5.894 5.509 6.212 5.694 5.972 6.077
2600.0 1.5 -2.5 5.875 5.466 6.207 5.604 5.933 6.058
2600.0 1.5 -2.0 5.806 5.228 6.152 5.394 5.821 5.981
2600.0 1.5 -1.5 5.724 4.989 6.051 5.238 5.698 5.877
2600.0 1.5 -1.0 5.649 4.860 5.945 5.148 5.582 5.767
2600.0 1.5 -0.5 5.573 4.751 5.857 5.051 5.453 5.651
2600.0 1.5 0.0 5.463 4.589 5.730 4.911 5.283 5.491
2600.0 1.5 0.3 5.393 4.486 5.645 4.831 5.186 5.395
2600.0 1.5 0.5 5.341 4.389 5.583 4.751 5.107 5.321
2600.0 2.0 -4.0 5.987 5.613 6.274 5.912 6.102 6.172
2600.0 2.0 -3.5 5.963 5.599 6.261 5.850 6.067 6.149
2600.0 2.0 -3.0 5.920 5.543 6.237 5.734 6.003 6.106
2600.0 2.0 -2.5 5.896 5.495 6.225 5.645 5.960 6.081
2600.0 2.0 -2.0 5.833 5.284 6.177 5.449 5.857 6.011
2600.0 2.0 -1.5 5.772 5.071 6.104 5.307 5.762 5.934
2600.0 2.0 -1.0 5.672 4.903 5.975 5.192 5.623 5.801
2600.0 2.0 -0.5 5.637 4.875 5.933 5.167 5.559 5.741
2600.0 2.0 0.0 5.551 4.746 5.837 5.055 5.423 5.615
2600.0 2.0 0.3 5.485 4.642 5.754 4.973 5.322 5.517
2600.0 2.0 0.5 5.434 4.544 5.690 4.893 5.242 5.442
2600.0 2.5 -4.0 6.103 5.806 6.375 6.067 6.229 6.290
2600.0 2.5 -3.5 6.049 5.736 6.337 5.967 6.160 6.237
2600.0 2.5 -3.0 5.990 5.645 6.299 5.837 6.081 6.179
2600.0 2.5 -2.5 5.931 5.530 6.259 5.700 6.002 6.120
2600.0 2.5 -2.0 5.863 5.335 6.204 5.517 5.901 6.047
2600.0 2.5 -1.5 5.811 5.142 6.144 5.379 5.818 5.982
2600.0 2.5 -1.0 5.693 4.898 6.002 5.201 5.652 5.830
2600.0 2.5 -0.5 5.663 4.904 5.964 5.206 5.603 5.778
2600.0 2.5 0.0 5.598 4.829 5.889 5.142 5.502 5.680
2600.0 2.5 0.3 5.571 4.793 5.851 5.118 5.455 5.632
2600.0 2.5 0.5 5.536 4.730 5.808 5.067 5.399 5.580
2600.0 3.0 -4.0 6.144 5.870 6.418 6.116 6.272 6.335
2600.0 3.0 -3.5 6.095 5.788 6.387 6.016 6.208 6.288
2600.0 3.0 -3.0 6.021 5.656 6.337 5.865 6.113 6.214
2600.0 3.0 -2.5 5.946 5.502 6.284 5.707 6.018 6.139
2600.0 3.0 -2.0 5.876 5.325 6.226 5.527 5.914 6.062
2600.0 3.0 -1.5 5.832 5.174 6.171 5.408 5.840 6.005
2600.0 3.0 -1.0 5.734 4.924 6.053 5.221 5.693 5.878
2600.0 3.0 -0.5 5.677 4.881 5.985 5.186 5.609 5.794
2600.0 3.0 0.0 5.623 4.841 5.921 5.152 5.527 5.710
2600.0 3.0 0.3 5.595 4.819 5.882 5.137 5.482 5.663
2600.0 3.0 0.5 5.577 4.788 5.858 5.113 5.450 5.631
2600.0 3.5 -4.0 6.238 6.012 6.502 6.232 6.368 6.429
2600.0 3.5 -3.5 6.156 5.857 6.450 6.083 6.271 6.353
2600.0 3.5 -3.0 6.077 5.703 6.395 5.934 6.175 6.275
2600.0 3.5 -2.5 5.985 5.494 6.332 5.736 6.055 6.183
2600.0 3.5 -2.0 5.884 5.230 6.249 5.490 5.913 6.074
2600.0 3.5 -1.5 5.826 5.081 6.177 5.355 5.825 6.001
2600.0 3.5 -1.0 5.746 4.913 6.071 5.228 5.708 5.893
2600.0 3.5 -0.5 5.694 4.853 6.009 5.179 5.625 5.814
2600.0 3.5 0.0 5.608 4.757 5.909 5.099 5.496 5.689
2600.0 3.5 0.3 5.586 4.770 5.874 5.111 5.465 5.650
2600.0 3.5 0.5 5.588 4.791 5.871 5.130 5.467 5.646
2600.0 4.0 -4.0 6.268 6.049 6.534 6.269 6.400 6.464
2600.0 4.0 -3.5 6.187 5.868 6.488 6.112 6.304 6.389
2600.0 4.0 -3.0 6.101 5.666 6.430 5.954 6.204 6.307
2600.0 4.0 -2.5 5.998 5.390 6.362 5.728 6.067 6.201
2600.0 4.0 -2.0 5.905 5.165 6.286 5.501 5.931 6.096
2600.0 4.0 -1.5 5.831 5.026 6.198 5.337 5.819 6.004
2600.0 4.0 -1.0 5.758 4.895 6.095 5.219 5.711 5.905
2600.0 4.0 -0.5 5.702 4.821 6.026 5.159 5.623 5.822
2600.0 4.0 0.0 5.631 4.743 5.941 5.094 5.510 5.713
2600.0 4.0 0.3 5.608 4.755 5.903 5.103 5.475 5.670
2600.0 4.0 0.5 5.586 4.746 5.873 5.096 5.447 5.638
2600.0 4.5 -4.0 6.310 6.111 6.569 6.328 6.443 6.505
2600.0 4.5 -3.5 6.254 5.947 6.551 6.200 6.378 6.460
2600.0 4.5 -3.0 6.117 5.591 6.462 5.952 6.219 6.329
2600.0 4.5 -2.5 6.053 5.400 6.424 5.788 6.124 6.258
2600.0 4.5 -2.0 5.946 5.114 6.342 5.524 5.965 6.138
2600.0 4.5 -1.5 5.833 4.872 6.224 5.256 5.791 6.000
2600.0 4.5 -1.0 5.768 4.828 6.122 5.176 5.698 5.910
2600.0 4.5 -0.5 5.708 4.769 6.046 5.129 5.613 5.826
2600.0 4.5 0.0 5.623 4.655 5.944 5.035 5.475 5.697
2600.0 4.5 0.3 5.598 4.671 5.900 5.043 5.436 5.650
2600.0 4.5 0.5 5.580 4.667 5.872 5.038 5.410 5.619
2600.0 5.0 -4.0 6.341 6.162 6.588 6.376 6.473 6.531
2600.0 5.0 -3.5 6.246 5.900 6.548 6.196 6.372 6.455
2600.0 5.0 -3.0 6.149 5.562 6.501 5.991 6.256 6.366
2600.0 5.0 -2.5 6.047 5.193 6.438 5.754 6.114 6.255
2600.0 5.0 -2.0 5.953 4.944 6.369 5.499 5.960 6.141
2600.0 5.0 -1.5 5.849 4.805 6.262 5.257 5.790 6.010
2600.0 5.0 -1.0 5.768 4.753 6.144 5.134 5.667 5.901
2600.0 5.0 -0.5 5.709 4.690 6.065 5.082 5.586 5.820
2600.0 5.0 0.0 5.628 4.600 5.964 5.009 5.460 5.699
2600.0 5.0 0.3 5.605 4.630 5.919 5.023 5.426 5.654
2600.0 5.0 0.5 5.579 4.597 5.880 4.997 5.383 5.609
2600.0 5.5 -4.0 6.356 6.203 6.587 6.414 6.487 6.538
2600.0 5.5 -3.5 6.280 5.942 6.574 6.252 6.409 6.488
2600.0 5.5 -3.0 6.185 5.563 6.536 6.051 6.300 6.406
2600.0 5.5 -2.5 6.058 5.064 6.460 5.763 6.123 6.267
2600.0 5.5 -2.0 5.967 4.783 6.398 5.491 5.960 6.149
2600.0 5.5 -1.5 5.845 4.647 6.281 5.203 5.751 5.993
2600.0 5.5 -1.0 5.770 4.645 6.171 5.079 5.627 5.890
2600.0 5.5 -0.5 5.708 4.571 6.088 5.018 5.543 5.808
2600.0 5.5 0.0 5.616 4.479 5.973 4.940 5.409 5.678
2600.0 5.5 0.3 5.597 4.537 5.927 4.970 5.386 5.638
2600.0 5.5 0.5 5.573 4.512 5.887 4.949 5.348 5.595
2600.0 6.0 -1.5 5.900 4.533 6.350 5.252 5.799 6.043
2600.0 6.0 -1.0 5.796 4.501 6.224 5.040 5.615 5.904
2600.0 6.0 -0.5 5.718 4.445 6.126 4.973 5.512 5.806
2600.0 6.0 0.0 5.628 4.385 6.012 4.906 5.390 5.686
2600.0 6.0 0.3 5.594 4.440 5.945 4.923 5.351 5.629
2600.0 6.0 0.5 5.574 4.436 5.907 4.916 5.323 5.593
2700.0 -0.5 -4.0 5.806 5.285 6.119 5.593 5.873 5.970
2700.0 -0.5 -3.5 5.779 5.171 6.123 5.423 5.817 5.953
2700.0 -0.5 -3.0 5.838 5.302 6.190 5.464 5.885 6.028
2700.0 -0.5 -2.5 5.754 5.132 6.114 5.292 5.781 5.942
2700.0 -0.5 -2.0 5.635 4.732 5.986 4.966 5.596 5.801
2700.0 -0.5 -1.5 5.445 4.282 5.743 4.639 5.314 5.553
2700.0 -0.5 -1.0 5.238 4.091 5.481 4.474 5.018 5.266
2700.0 -0.5 -0.5 5.096 3.966 5.322 4.360 4.810 5.064
2700.0 -0.5 0.0 4.977 3.875 5.197 4.277 4.682 4.921
2700.0 -0.5 0.3 4.902 3.855 5.135 4.266 4.647 4.864
2700.0 -0.5 0.5 4.846 3.770 5.072 4.195 4.577 4.794
2700.0 0.0 -4.0 5.865 5.427 6.154 5.752 5.965 6.035
2700.0 0.0 -3.5 5.892 5.480 6.195 5.745 5.988 6.070
2700.0 0.0 -3.0 5.895 5.486 6.219 5.675 5.977 6.082
2700.0 0.0 -2.5 5.885 5.410 6.231 5.541 5.940 6.077
2700.0 0.0 -2.0 5.791 5.054 6.144 5.238 5.784 5.969
2700.0 0.0 -1.5 5.627 4.601 5.940 4.915 5.538 5.758
2700.0 0.0 -1.0 5.448 4.392 5.708 4.741 5.278 5.510
2700.0 0.0 -0.5 5.317 4.295 5.562 4.650 5.089 5.326
2700.0 0.0 0.0 5.187 4.154 5.418 4.525 4.918 5.153
2700.0 0.0 0.3 5.109 4.132 5.347 4.512 4.877 5.087
2700.0 0.0 0.5 5.052 4.047 5.284 4.441 4.805 5.017
2700.0 0.5 -4.0 5.933 5.538 6.212 5.857 6.045 6.107
2700.0 0.5 -3.5 5.930 5.554 6.219 5.828 6.037 6.108
2700.0 0.5 -3.0 5.943 5.603 6.243 5.808 6.044 6.127
2700.0 0.5 -2.5 5.908 5.521 6.231 5.670 5.982 6.094
2700.0 0.5 -2.0 5.832 5.198 6.178 5.378 5.847 6.013
2700.0 0.5 -1.5 5.736 4.846 6.056 5.127 5.687 5.886
2700.0 0.5 -1.0 5.583 4.621 5.857 4.947 5.458 5.672
2700.0 0.5 -0.5 5.462 4.514 5.720 4.848 5.277 5.498
2700.0 0.5 0.0 5.331 4.354 5.572 4.707 5.090 5.317
2700.0 0.5 0.3 5.255 4.332 5.496 4.694 5.045 5.247
2700.0 0.5 0.5 5.196 4.237 5.429 4.614 4.966 5.171
2700.0 1.0 -4.0 5.943 5.551 6.224 5.867 6.055 6.119
2700.0 1.0 -3.5 5.970 5.624 6.252 5.890 6.083 6.150
2700.0 1.0 -3.0 5.949 5.618 6.246 5.821 6.049 6.132
2700.0 1.0 -2.5 5.937 5.591 6.250 5.737 6.017 6.121
2700.0 1.0 -2.0 5.869 5.368 6.203 5.530 5.907 6.049
2700.0 1.0 -1.5 5.792 5.058 6.116 5.305 5.773 5.951
2700.0 1.0 -1.0 5.660 4.787 5.943 5.089 5.566 5.766
2700.0 1.0 -0.5 5.575 4.691 5.845 5.002 5.424 5.636
2700.0 1.0 0.0 5.453 4.540 5.709 4.868 5.246 5.465
2700.0 1.0 0.3 5.378 4.505 5.628 4.846 5.188 5.386
2700.0 1.0 0.5 5.315 4.394 5.554 4.752 5.096 5.300
2700.0 1.5 -4.0 6.021 5.672 6.295 5.967 6.140 6.200
2700.0 1.5 -3.5 6.002 5.674 6.284 5.927 6.117 6.185
2700.0 1.5 -3.0 5.978 5.663 6.273 5.855 6.078 6.161
2700.0 1.5 -2.5 5.975 5.658 6.281 5.798 6.058 6.157
2700.0 1.5 -2.0 5.912 5.462 6.243 5.606 5.956 6.091
2700.0 1.5 -1.5 5.838 5.207 6.165 5.425 5.840 6.003
2700.0 1.5 -1.0 5.738 4.981 6.037 5.254 5.687 5.868
2700.0 1.5 -0.5 5.652 4.844 5.935 5.134 5.539 5.736
2700.0 1.5 0.0 5.556 4.708 5.828 5.013 5.387 5.596
2700.0 1.5 0.3 5.496 4.680 5.758 4.998 5.333 5.526
2700.0 1.5 0.5 5.425 4.543 5.673 4.882 5.220 5.424
2700.0 2.0 -4.0 6.049 5.718 6.324 6.001 6.172 6.233
2700.0 2.0 -3.5 6.031 5.718 6.312 5.960 6.146 6.216
2700.0 2.0 -3.0 6.006 5.703 6.300 5.891 6.108 6.191
2700.0 2.0 -2.5 5.994 5.687 6.298 5.830 6.080 6.177
2700.0 2.0 -2.0 5.943 5.529 6.268 5.670 5.997 6.125
2700.0 2.0 -1.5 5.886 5.314 6.212 5.517 5.906 6.058
2700.0 2.0 -1.0 5.798 5.113 6.104 5.373 5.778 5.943
2700.0 2.0 -0.5 5.747 5.038 6.044 5.309 5.693 5.866
2700.0 2.0 0.0 5.631 4.857 5.919 5.150 5.516 5.705
2700.0 2.0 0.3 5.550 4.740 5.816 5.057 5.396 5.586
2700.0 2.0 0.5 5.505 4.655 5.761 4.987 5.325 5.520
2700.0 2.5 -4.0 6.157 5.895 6.417 6.143 6.288 6.341
2700.0 2.5 -3.5 6.109 5.840 6.382 6.061 6.229 6.295
2700.0 2.5 -3.0 6.063 5.783 6.351 5.968 6.169 6.250
2700.0 2.5 -2.5 6.021 5.715 6.324 5.869 6.111 6.207
2700.0 2.5 -2.0 5.969 5.572 6.290 5.725 6.032 6.154
2700.0 2.5 -1.5 5.924 5.395 6.248 5.594 5.960 6.102
2700.0 2.5 -1.0 5.820 5.148 6.129 5.413 5.815 5.974
2700.0 2.5 -0.5 5.788 5.114 6.090 5.386 5.761 5.921
2700.0 2.5 0.0 5.723 5.022 6.019 5.304 5.658 5.826
2700.0 2.5 0.3 5.678 4.958 5.961 5.256 5.585 5.755
2700.0 2.5 0.5 5.617 4.860 5.892 5.175 5.499 5.673
2700.0 3.0 -4.0 6.210 5.976 6.468 6.204 6.341 6.396
2700.0 3.0 -3.5 6.170 5.918 6.443 6.126 6.291 6.360
2700.0 3.0 -3.0 6.092 5.800 6.385 5.991 6.197 6.282
2700.0 3.0 -2.5 6.034 5.701 6.346 5.874 6.124 6.225
2700.0 3.0 -2.0 5.979 5.570 6.308 5.733 6.043 6.166
2700.0 3.0 -1.5 5.944 5.430 6.272 5.623 5.981 6.123
2700.0 3.0 -1.0 5.856 5.189 6.174 5.444 5.854 6.016
2700.0 3.0 -0.5 5.807 5.135 6.116 5.400 5.784 5.947
2700.0 3.0 0.0 5.749 5.059 6.052 5.333 5.694 5.862
2700.0 3.0 0.3 5.711 5.015 6.003 5.302 5.633 5.801
2700.0 3.0 0.5 5.686 4.971 5.972 5.267 5.590 5.761
2700.0 3.5 -4.0 6.294 6.105 6.543 6.306 6.427 6.479
2700.0 3.5 -3.5 6.233 5.998 6.505 6.196 6.354 6.424
2700.0 3.5 -3.0 6.152 5.862 6.447 6.060 6.262 6.347
2700.0 3.5 -2.5 6.069 5.704 6.390 5.901 6.159 6.265
2700.0 3.5 -2.0 6.003 5.552 6.340 5.744 6.066 6.195
2700.0 3.5 -1.5 5.936 5.371 6.274 5.590 5.970 6.119
2700.0 3.5 -1.0 5.866 5.187 6.189 5.453 5.868 6.030
2700.0 3.5 -0.5 5.825 5.135 6.140 5.412 5.808 5.971
2700.0 3.5 0.0 5.749 5.033 6.058 5.325 5.696 5.866
2700.0 3.5 0.3 5.729 5.030 6.025 5.326 5.661 5.826
2700.0 3.5 0.5 5.718 5.019 6.009 5.319 5.640 5.805
2700.0 4.0 -4.0 6.334 6.158 6.583 6.349 6.465 6.521
2700.0 4.0 -3.5 6.263 6.025 6.538 6.225 6.385 6.457
2700.0 4.0 -3.0 6.176 5.849 6.480 6.080 6.290 6.378
2700.0 4.0 -2.5 6.086 5.642 6.421 5.903 6.178 6.288
2700.0 4.0 -2.0 6.001 5.450 6.358 5.712 6.059 6.197
2700.0 4.0 -1.5 5.941 5.331 6.293 5.581 5.970 6.124
2700.0 4.0 -1.0 5.878 5.180 6.212 5.451 5.875 6.044
2700.0 4.0 -0.5 5.833 5.121 6.158 5.404 5.812 5.982
