WFIRST_fluxes_BTSettlAGSS2009.txt
# %ECSV 0.9
# ---
# datatype:
# - {name: teff, unit: K, datatype: float64}
# - {name: logg, unit: dex, datatype: float64}
# - {name: mh, unit: dex, datatype: float64}
# - {name: STIS_50CCD, unit: 'log [W/m2/um] at surface', datatype: float64, format: .3f}
# - {name: CGI_narrow, unit: 'log [W/m2/um] at surface', datatype: float64, format: .3f}
# - {name: CGI_wide, unit: 'log [W/m2/um] at surface', datatype: float64, format: .3f}
# - {name: CGI_IFS660, unit: 'log [W/m2/um] at surface', datatype: float64, format: .3f}
# - {name: CGI_IFS730, unit: 'log [W/m2/um] at surface', datatype: float64, format: .3f}
# - {name: CGI_IFS760, unit: 'log [W/m2/um] at surface', datatype: float64, format: .3f}
# - {name: 2MASS_H, unit: 'log [W/m2/um] at surface', datatype: float64, format: .3f}
# - {name: UKIDSS_Y, unit: 'log [W/m2/um] at surface', datatype: float64, format: .3f}
# - {name: MKO_J, unit: 'log [W/m2/um] at surface', datatype: float64, format: .3f}
# - {name: MKO_H, unit: 'log [W/m2/um] at surface', datatype: float64, format: .3f}
# - {name: MKO_Ks, unit: 'log [W/m2/um] at surface', datatype: float64, format: .3f}
# schema: astropy-2.0
teff logg mh STIS_50CCD CGI_narrow CGI_wide CGI_IFS660 CGI_IFS730 CGI_IFS760 2MASS_H UKIDSS_Y MKO_J MKO_H MKO_Ks
[from data line 10149]
17000.0 1.0 0.3 8.955 8.920 8.399 8.730 8.588 8.532 7.350 8.079 7.784 7.367 6.927
17000.0 1.0 0.5 8.973 8.937 8.415 8.747 8.604 8.548 7.362 8.092 7.797 7.379 6.938
17000.0 1.5 -4.0 9.035 9.014 8.485 8.822 8.678 8.621 7.418 8.168 7.863 7.435 6.985
17000.0 1.5 -3.5 9.043 9.024 8.497 8.832 8.689 8.632 7.433 8.180 7.877 7.451 7.002
17000.0 1.5 -3.0 9.045 9.025 8.500 8.835 8.692 8.635 7.441 8.184 7.883 7.458 7.011
17000.0 1.5 -2.5 9.026 9.007 8.484 8.817 8.675 8.619 7.431 8.169 7.870 7.448 7.004
17000.0 1.5 -2.0 9.033 9.014 8.491 8.824 8.681 8.625 7.438 8.176 7.876 7.456 7.012
17000.0 1.5 -1.5 9.040 9.020 8.497 8.830 8.688 8.632 7.445 8.182 7.883 7.463 7.020
17000.0 1.5 -1.0 9.051 9.030 8.505 8.839 8.696 8.640 7.451 8.188 7.889 7.468 7.025
17000.0 1.5 -0.5 9.068 9.044 8.517 8.852 8.709 8.652 7.458 8.198 7.898 7.476 7.032
17000.0 1.5 0.0 9.085 9.059 8.527 8.866 8.721 8.664 7.460 8.205 7.903 7.478 7.031
17000.0 1.5 0.3 9.104 9.075 8.543 8.882 8.737 8.680 7.475 8.219 7.917 7.493 7.046
17000.0 1.5 0.5 9.118 9.089 8.556 8.895 8.750 8.693 7.483 8.230 7.927 7.501 7.053
17000.0 2.0 -4.0 9.065 9.047 8.505 8.849 8.702 8.644 7.428 8.189 7.879 7.445 6.993
17000.0 2.0 -3.5 9.073 9.056 8.517 8.860 8.713 8.656 7.443 8.201 7.893 7.461 7.010
17000.0 2.0 -3.0 9.077 9.061 8.525 8.865 8.720 8.662 7.454 8.208 7.902 7.472 7.022
17000.0 2.0 -2.5 9.070 9.054 8.522 8.860 8.715 8.658 7.459 8.205 7.902 7.476 7.030
17000.0 2.0 -2.0 9.079 9.062 8.531 8.868 8.724 8.667 7.468 8.214 7.911 7.486 7.040
17000.0 2.0 -1.5 9.081 9.066 8.536 8.872 8.729 8.672 7.475 8.219 7.917 7.492 7.047
17000.0 2.0 -1.0 9.101 9.083 8.551 8.889 8.745 8.688 7.487 8.232 7.929 7.504 7.058
17000.0 2.0 -0.5 9.119 9.099 8.564 8.904 8.758 8.701 7.496 8.243 7.940 7.514 7.067
17000.0 2.0 0.0 9.139 9.116 8.575 8.919 8.772 8.714 7.498 8.251 7.945 7.516 7.067
17000.0 2.0 0.3 9.156 9.133 8.595 8.937 8.790 8.733 7.519 8.269 7.964 7.537 7.089
17000.0 2.0 0.5 9.173 9.148 8.607 8.951 8.804 8.746 7.526 8.280 7.973 7.544 7.095
17000.0 2.5 -4.0 9.075 9.060 8.508 8.859 8.709 8.651 7.429 8.197 7.884 7.447 6.994
17000.0 2.5 -3.5 9.081 9.068 8.519 8.867 8.719 8.661 7.443 8.207 7.895 7.460 7.009
17000.0 2.5 -3.0 9.086 9.072 8.528 8.873 8.726 8.668 7.454 8.214 7.905 7.472 7.022
17000.0 2.5 -2.5 9.084 9.071 8.532 8.874 8.729 8.671 7.463 8.217 7.911 7.481 7.033
17000.0 2.5 -2.0 9.092 9.080 8.543 8.883 8.738 8.681 7.476 8.227 7.922 7.494 7.047
17000.0 2.5 -1.5 9.101 9.088 8.552 8.892 8.747 8.690 7.485 8.235 7.931 7.503 7.057
17000.0 2.5 -1.0 9.112 9.099 8.563 8.902 8.758 8.701 7.495 8.244 7.940 7.513 7.066
17000.0 2.5 -0.5 9.125 9.110 8.574 8.914 8.769 8.712 7.504 8.254 7.949 7.522 7.075
17000.0 2.5 0.0 9.138 9.122 8.581 8.924 8.777 8.720 7.506 8.259 7.953 7.524 7.075
17000.0 2.5 0.3 9.161 9.143 8.604 8.945 8.800 8.742 7.528 8.280 7.974 7.546 7.098
17000.0 2.5 0.5 9.172 9.153 8.612 8.955 8.809 8.751 7.534 8.287 7.981 7.552 7.103
17000.0 3.0 -4.0 9.080 9.070 8.511 8.866 8.716 8.656 7.433 8.204 7.890 7.451 6.999
17000.0 3.0 -3.5 9.085 9.075 8.521 8.873 8.724 8.665 7.446 8.212 7.900 7.464 7.013
17000.0 3.0 -3.0 9.090 9.081 8.531 8.880 8.732 8.674 7.459 8.220 7.911 7.477 7.028
17000.0 3.0 -2.5 9.094 9.085 8.542 8.886 8.740 8.682 7.473 8.228 7.921 7.491 7.044
17000.0 3.0 -2.0 9.104 9.094 8.553 8.896 8.750 8.693 7.485 8.238 7.932 7.503 7.056
17000.0 3.0 -1.5 9.115 9.105 8.565 8.907 8.762 8.704 7.496 8.248 7.943 7.514 7.067
17000.0 3.0 -1.0 9.124 9.113 8.573 8.915 8.770 8.713 7.503 8.255 7.950 7.521 7.074
17000.0 3.0 -0.5 9.137 9.125 8.585 8.927 8.782 8.725 7.513 8.265 7.960 7.531 7.083
17000.0 3.0 0.0 9.152 9.138 8.592 8.937 8.791 8.733 7.515 8.271 7.964 7.533 7.084
17000.0 3.0 0.3 9.176 9.161 8.619 8.962 8.817 8.759 7.541 8.295 7.989 7.559 7.110
17000.0 3.0 0.5 9.189 9.172 8.629 8.973 8.827 8.769 7.549 8.304 7.997 7.567 7.117
17000.0 3.5 -4.0 9.076 9.072 8.507 8.865 8.715 8.655 7.432 8.204 7.890 7.449 6.999
17000.0 3.5 -3.5 9.080 9.076 8.517 8.871 8.722 8.663 7.445 8.212 7.900 7.463 7.014
17000.0 3.5 -3.0 9.084 9.080 8.527 8.877 8.729 8.671 7.457 8.218 7.909 7.475 7.027
17000.0 3.5 -2.5 9.090 9.085 8.537 8.884 8.738 8.680 7.468 8.226 7.919 7.486 7.039
17000.0 3.5 -2.0 9.099 9.093 8.549 8.893 8.748 8.690 7.480 8.235 7.929 7.498 7.051
17000.0 3.5 -1.5 9.107 9.100 8.558 8.901 8.756 8.699 7.490 8.243 7.938 7.508 7.062
17000.0 3.5 -1.0 9.115 9.108 8.566 8.909 8.764 8.706 7.497 8.250 7.945 7.515 7.068
17000.0 3.5 -0.5 9.128 9.120 8.577 8.920 8.775 8.718 7.505 8.259 7.954 7.523 7.076
17000.0 3.5 0.0 9.147 9.137 8.593 8.937 8.792 8.734 7.518 8.273 7.967 7.536 7.088
17000.0 3.5 0.3 9.166 9.154 8.610 8.954 8.809 8.751 7.533 8.288 7.982 7.551 7.102
17000.0 3.5 0.5 9.177 9.164 8.620 8.964 8.819 8.761 7.541 8.296 7.990 7.559 7.110
17000.0 4.0 -4.0 9.073 9.073 8.506 8.865 8.716 8.656 7.433 8.206 7.892 7.451 7.002
17000.0 4.0 -3.5 9.077 9.077 8.517 8.872 8.724 8.665 7.448 8.213 7.903 7.465 7.018
17000.0 4.0 -3.0 9.082 9.081 8.526 8.877 8.730 8.672 7.458 8.219 7.911 7.476 7.029
17000.0 4.0 -2.5 9.088 9.087 8.536 8.884 8.738 8.680 7.469 8.227 7.920 7.487 7.040
17000.0 4.0 -2.0 9.097 9.094 8.548 8.893 8.748 8.690 7.480 8.235 7.930 7.498 7.052
17000.0 4.0 -1.5 9.105 9.102 8.557 8.901 8.756 8.699 7.489 8.243 7.938 7.507 7.061
17000.0 4.0 -1.0 9.113 9.109 8.564 8.908 8.763 8.705 7.495 8.248 7.943 7.513 7.066
17000.0 4.0 -0.5 9.125 9.119 8.574 8.918 8.774 8.716 7.502 8.257 7.951 7.520 7.073
17000.0 4.0 0.0 9.124 9.117 8.569 8.915 8.770 8.712 7.495 8.251 7.945 7.513 7.066
17000.0 4.0 0.3 9.163 9.154 8.608 8.953 8.808 8.750 7.530 8.286 7.980 7.549 7.100
17000.0 4.0 0.5 9.174 9.164 8.618 8.963 8.818 8.760 7.539 8.295 7.989 7.557 7.108
17000.0 4.5 -4.0 9.070 9.076 8.501 8.864 8.715 8.654 7.427 8.204 7.890 7.445 6.997
17000.0 4.5 -3.5 9.073 9.078 8.511 8.870 8.722 8.662 7.441 8.210 7.899 7.459 7.012
17000.0 4.5 -3.0 9.078 9.082 8.521 8.876 8.729 8.669 7.452 8.217 7.908 7.470 7.024
17000.0 4.5 -2.5 9.086 9.088 8.533 8.883 8.738 8.679 7.465 8.225 7.918 7.483 7.037
17000.0 4.5 -2.0 9.094 9.095 8.546 8.893 8.748 8.690 7.478 8.234 7.929 7.496 7.050
17000.0 4.5 -1.5 9.104 9.104 8.557 8.902 8.758 8.700 7.489 8.243 7.938 7.507 7.061
17000.0 4.5 -1.0 9.112 9.111 8.565 8.909 8.765 8.707 7.495 8.249 7.945 7.514 7.067
17000.0 4.5 -0.5 9.124 9.122 8.575 8.920 8.775 8.717 7.503 8.258 7.953 7.521 7.074
17000.0 4.5 0.0 9.144 9.139 8.590 8.937 8.792 8.734 7.515 8.271 7.965 7.533 7.085
17000.0 4.5 0.3 9.161 9.155 8.607 8.953 8.808 8.750 7.529 8.285 7.980 7.547 7.099
17000.0 4.5 0.5 9.172 9.164 8.617 8.963 8.818 8.760 7.537 8.294 7.988 7.556 7.107
17500.0 1.0 -4.0 8.959 8.933 8.417 8.747 8.606 8.550 7.371 8.104 7.807 7.388 6.944
17500.0 1.0 -3.5 8.965 8.939 8.425 8.753 8.613 8.557 7.384 8.113 7.818 7.401 6.959
17500.0 1.0 -3.0 8.946 8.921 8.407 8.735 8.595 8.539 7.369 8.096 7.803 7.387 6.946
17500.0 1.0 -2.5 8.921 8.896 8.382 8.710 8.570 8.514 7.347 8.071 7.778 7.364 6.925
17500.0 1.0 -2.0 8.921 8.895 8.381 8.709 8.569 8.513 7.347 8.071 7.778 7.364 6.926
17500.0 1.0 -1.5 8.919 8.891 8.377 8.706 8.565 8.510 7.344 8.067 7.775 7.361 6.923
17500.0 1.0 -1.0 8.926 8.896 8.381 8.710 8.569 8.513 7.345 8.069 7.777 7.363 6.925
17500.0 1.0 -0.5 8.941 8.908 8.390 8.720 8.579 8.524 7.351 8.077 7.783 7.368 6.930
17500.0 1.0 0.0 8.966 8.930 8.409 8.741 8.599 8.543 7.363 8.092 7.797 7.380 6.940
17500.0 1.0 0.3 8.983 8.944 8.422 8.754 8.611 8.555 7.371 8.100 7.806 7.389 6.948
17500.0 1.0 0.5 8.999 8.959 8.435 8.768 8.625 8.569 7.381 8.111 7.816 7.398 6.957
17500.0 1.5 -4.0 9.063 9.038 8.508 8.846 8.701 8.644 7.438 8.189 7.884 7.455 7.005
17500.0 1.5 -3.5 9.071 9.048 8.519 8.856 8.712 8.655 7.454 8.201 7.898 7.471 7.022
17500.0 1.5 -3.0 9.065 9.042 8.515 8.851 8.707 8.651 7.453 8.197 7.895 7.471 7.023
17500.0 1.5 -2.5 9.053 9.030 8.505 8.839 8.696 8.640 7.448 8.188 7.888 7.466 7.022
17500.0 1.5 -2.0 9.059 9.036 8.511 8.845 8.702 8.646 7.455 8.194 7.894 7.473 7.029
17500.0 1.5 -1.5 9.065 9.042 8.517 8.851 8.708 8.652 7.461 8.199 7.900 7.479 7.035
17500.0 1.5 -1.0 9.077 9.052 8.525 8.860 8.717 8.660 7.468 8.207 7.907 7.486 7.042
17500.0 1.5 -0.5 9.093 9.065 8.537 8.873 8.729 8.672 7.476 8.216 7.916 7.494 7.049
17500.0 1.5 0.0 9.118 9.087 8.554 8.894 8.749 8.691 7.484 8.231 7.928 7.502 7.054
17500.0 1.5 0.3 9.136 9.103 8.570 8.909 8.764 8.707 7.498 8.244 7.941 7.516 7.069
17500.0 1.5 0.5 9.149 9.115 8.581 8.921 8.776 8.718 7.506 8.253 7.950 7.524 7.075
17500.0 2.0 -4.0 9.094 9.071 8.528 8.873 8.725 8.667 7.447 8.209 7.899 7.465 7.012
17500.0 2.0 -3.5 9.102 9.081 8.540 8.884 8.737 8.679 7.463 8.221 7.913 7.480 7.029
17500.0 2.0 -3.0 9.101 9.081 8.543 8.885 8.738 8.681 7.468 8.223 7.917 7.486 7.036
17500.0 2.0 -2.5 9.098 9.077 8.543 8.882 8.737 8.680 7.476 8.224 7.920 7.494 7.047
17500.0 2.0 -2.0 9.106 9.085 8.552 8.891 8.746 8.689 7.485 8.232 7.929 7.503 7.056
17500.0 2.0 -1.5 9.107 9.088 8.556 8.894 8.750 8.693 7.491 8.237 7.934 7.509 7.062
17500.0 2.0 -1.0 9.125 9.104 8.570 8.909 8.764 8.707 7.503 8.249 7.946 7.521 7.074
17500.0 2.0 -0.5 9.145 9.122 8.586 8.926 8.780 8.723 7.514 8.262 7.958 7.532 7.084
17500.0 2.0 0.0 9.171 9.144 8.601 8.946 8.798 8.740 7.518 8.274 7.967 7.536 7.086
17500.0 2.0 0.3 9.187 9.159 8.619 8.962 8.815 8.758 7.539 8.291 7.985 7.557 7.107
17500.0 2.0 0.5 9.204 9.174 8.632 8.977 8.829 8.771 7.546 8.302 7.995 7.565 7.114
17500.0 2.5 -4.0 9.103 9.084 8.531 8.882 8.732 8.673 7.447 8.216 7.902 7.464 7.011
17500.0 2.5 -3.5 9.110 9.092 8.541 8.891 8.742 8.683 7.459 8.225 7.913 7.477 7.024
17500.0 2.5 -3.0 9.112 9.094 8.547 8.894 8.746 8.688 7.468 8.230 7.920 7.486 7.035
17500.0 2.5 -2.5 9.111 9.094 8.553 8.896 8.750 8.692 7.480 8.235 7.928 7.498 7.049
17500.0 2.5 -2.0 9.119 9.102 8.564 8.905 8.760 8.702 7.492 8.244 7.939 7.510 7.062
17500.0 2.5 -1.5 9.128 9.111 8.573 8.913 8.768 8.711 7.501 8.252 7.947 7.519 7.072
17500.0 2.5 -1.0 9.139 9.121 8.583 8.924 8.779 8.722 7.511 8.262 7.957 7.529 7.081
17500.0 2.5 -0.5 9.153 9.134 8.595 8.937 8.791 8.734 7.520 8.272 7.967 7.538 7.090
17500.0 2.5 0.0 9.167 9.146 8.602 8.947 8.800 8.742 7.521 8.278 7.970 7.539 7.089
17500.0 2.5 0.3 9.189 9.167 8.625 8.969 8.822 8.764 7.545 8.299 7.992 7.563 7.113
17500.0 2.5 0.5 9.202 9.178 8.634 8.979 8.832 8.774 7.551 8.307 8.000 7.569 7.119
17500.0 3.0 -4.0 9.107 9.093 8.532 8.888 8.737 8.678 7.449 8.222 7.907 7.467 7.014
17500.0 3.0 -3.5 9.112 9.098 8.541 8.894 8.745 8.686 7.461 8.229 7.916 7.479 7.027
17500.0 3.0 -3.0 9.116 9.102 8.550 8.900 8.752 8.693 7.473 8.236 7.926 7.490 7.040
17500.0 3.0 -2.5 9.121 9.107 8.562 8.907 8.760 8.702 7.488 8.245 7.938 7.506 7.058
17500.0 3.0 -2.0 9.130 9.116 8.573 8.917 8.771 8.713 7.500 8.254 7.948 7.518 7.070
17500.0 3.0 -1.5 9.142 9.127 8.585 8.928 8.782 8.725 7.511 8.265 7.959 7.529 7.081
17500.0 3.0 -1.0 9.150 9.135 8.593 8.936 8.791 8.733 7.518 8.272 7.966 7.536 7.088
17500.0 3.0 -0.5 9.163 9.147 8.604 8.948 8.802 8.744 7.527 8.282 7.976 7.545 7.096
17500.0 3.0 0.0 9.178 9.160 8.610 8.958 8.810 8.752 7.527 8.287 7.978 7.545 7.095
17500.0 3.0 0.3 9.203 9.184 8.639 8.984 8.837 8.779 7.555 8.312 8.005 7.574 7.123
17500.0 3.0 0.5 9.216 9.195 8.649 8.995 8.848 8.790 7.564 8.321 8.014 7.582 7.131
17500.0 3.5 -4.0 9.103 9.093 8.527 8.886 8.735 8.675 7.446 8.221 7.906 7.464 7.012
17500.0 3.5 -3.5 9.106 9.097 8.536 8.891 8.742 8.682 7.458 8.227 7.915 7.476 7.026
17500.0 3.5 -3.0 9.109 9.100 8.545 8.896 8.748 8.689 7.470 8.233 7.923 7.487 7.038
17500.0 3.5 -2.5 9.116 9.106 8.555 8.904 8.757 8.699 7.482 8.242 7.933 7.500 7.052
17500.0 3.5 -2.0 9.125 9.115 8.568 8.914 8.768 8.710 7.495 8.252 7.945 7.513 7.065
17500.0 3.5 -1.5 9.131 9.121 8.576 8.921 8.775 8.717 7.504 8.259 7.953 7.522 7.074
17500.0 3.5 -1.0 9.139 9.128 8.583 8.928 8.782 8.724 7.509 8.264 7.958 7.527 7.080
17500.0 3.5 -0.5 9.152 9.140 8.594 8.939 8.793 8.735 7.518 8.274 7.967 7.536 7.087
17500.0 3.5 0.0 9.170 9.156 8.607 8.954 8.808 8.749 7.527 8.285 7.978 7.545 7.096
17500.0 3.5 0.3 9.191 9.175 8.628 8.974 8.828 8.769 7.545 8.303 7.996 7.564 7.114
17500.0 3.5 0.5 9.202 9.185 8.638 8.984 8.838 8.780 7.554 8.312 8.005 7.573 7.122
17500.0 4.0 -4.0 9.097 9.094 8.524 8.885 8.735 8.674 7.446 8.221 7.907 7.464 7.014
17500.0 4.0 -3.5 9.100 9.096 8.533 8.889 8.741 8.681 7.459 8.227 7.915 7.477 7.028
17500.0 4.0 -3.0 9.104 9.100 8.542 8.895 8.747 8.688 7.469 8.232 7.923 7.487 7.039
17500.0 4.0 -2.5 9.111 9.106 8.553 8.902 8.755 8.697 7.481 8.240 7.932 7.499 7.051
17500.0 4.0 -2.0 9.118 9.112 8.563 8.910 8.764 8.706 7.491 8.248 7.942 7.510 7.062
17500.0 4.0 -1.5 9.127 9.120 8.572 8.918 8.772 8.714 7.500 8.255 7.949 7.518 7.071
17500.0 4.0 -1.0 9.134 9.126 8.578 8.924 8.779 8.720 7.504 8.261 7.954 7.523 7.075
17500.0 4.0 -0.5 9.146 9.138 8.588 8.935 8.789 8.731 7.512 8.269 7.963 7.530 7.082
17500.0 4.0 0.0 9.147 9.136 8.585 8.933 8.787 8.728 7.506 8.264 7.957 7.524 7.075
17500.0 4.0 0.3 9.186 9.173 8.623 8.971 8.825 8.766 7.541 8.300 7.992 7.559 7.110
17500.0 4.0 0.5 9.198 9.184 8.635 8.982 8.836 8.777 7.550 8.309 8.002 7.569 7.119
17500.0 4.5 -4.0 9.094 9.096 8.519 8.884 8.734 8.673 7.441 8.219 7.904 7.459 7.010
17500.0 4.5 -3.5 9.098 9.098 8.529 8.889 8.740 8.680 7.453 8.225 7.912 7.471 7.023
17500.0 4.5 -3.0 9.103 9.102 8.539 8.895 8.747 8.687 7.465 8.231 7.921 7.483 7.035
17500.0 4.5 -2.5 9.110 9.108 8.551 8.903 8.756 8.697 7.478 8.240 7.932 7.496 7.049
17500.0 4.5 -2.0 9.118 9.115 8.563 8.911 8.766 8.707 7.491 8.249 7.942 7.509 7.062
17500.0 4.5 -1.5 9.127 9.123 8.573 8.920 8.775 8.717 7.501 8.257 7.951 7.519 7.072
17500.0 4.5 -1.0 9.135 9.130 8.580 8.927 8.781 8.723 7.506 8.262 7.957 7.524 7.077
17500.0 4.5 -0.5 9.147 9.141 8.590 8.937 8.792 8.733 7.514 8.271 7.965 7.532 7.084
17500.0 4.5 0.0 9.163 9.155 8.602 8.951 8.805 8.746 7.522 8.281 7.974 7.540 7.092
17500.0 4.5 0.3 9.185 9.174 8.623 8.971 8.825 8.766 7.540 8.299 7.992 7.558 7.109
17500.0 4.5 0.5 9.196 9.184 8.633 8.981 8.835 8.777 7.549 8.308 8.001 7.568 7.118
18000.0 1.0 -4.0 8.983 8.954 8.437 8.767 8.626 8.570 7.390 8.123 7.826 7.407 6.963
18000.0 1.0 -3.5 8.988 8.960 8.443 8.773 8.632 8.576 7.402 8.131 7.836 7.419 6.977
18000.0 1.0 -3.0 8.967 8.939 8.423 8.753 8.612 8.556 7.385 8.112 7.818 7.402 6.962
18000.0 1.0 -2.5 8.944 8.915 8.400 8.729 8.588 8.532 7.363 8.088 7.795 7.380 6.942
18000.0 1.0 -2.0 8.942 8.913 8.397 8.727 8.586 8.530 7.362 8.087 7.794 7.379 6.941
18000.0 1.0 -1.5 8.941 8.911 8.395 8.724 8.583 8.528 7.360 8.084 7.791 7.377 6.939
18000.0 1.0 -1.0 8.948 8.915 8.398 8.728 8.587 8.531 7.361 8.086 7.793 7.379 6.941
18000.0 1.0 -0.5 8.958 8.921 8.402 8.733 8.591 8.536 7.361 8.087 7.794 7.378 6.939
18000.0 1.0 0.0 8.981 8.942 8.420 8.752 8.610 8.554 7.372 8.101 7.807 7.390 6.949
18000.0 1.0 0.3 9.000 8.957 8.434 8.766 8.623 8.567 7.382 8.111 7.817 7.400 6.959
18000.0 1.0 0.5 9.018 8.974 8.449 8.782 8.638 8.582 7.393 8.124 7.829 7.411 6.970
18000.0 1.5 -4.0 9.089 9.061 8.529 8.868 8.723 8.666 7.457 8.208 7.903 7.475 7.024
18000.0 1.5 -3.5 9.098 9.071 8.541 8.878 8.734 8.677 7.473 8.221 7.917 7.491 7.041
18000.0 1.5 -3.0 9.090 9.063 8.535 8.871 8.727 8.671 7.470 8.215 7.913 7.488 7.040
18000.0 1.5 -2.5 9.078 9.052 8.524 8.860 8.716 8.660 7.465 8.206 7.906 7.483 7.038
18000.0 1.5 -2.0 9.084 9.057 8.530 8.866 8.722 8.666 7.472 8.211 7.911 7.489 7.045
18000.0 1.5 -1.5 9.089 9.062 8.534 8.870 8.727 8.670 7.476 8.216 7.916 7.494 7.050
18000.0 1.5 -1.0 9.100 9.071 8.542 8.879 8.735 8.678 7.483 8.223 7.923 7.500 7.056
18000.0 1.5 -0.5 9.116 9.084 8.554 8.891 8.747 8.690 7.489 8.232 7.931 7.507 7.061
18000.0 1.5 0.0 9.140 9.106 8.572 8.912 8.766 8.709 7.499 8.246 7.944 7.517 7.069
18000.0 1.5 0.3 9.157 9.120 8.585 8.925 8.780 8.722 7.511 8.258 7.955 7.529 7.082
18000.0 1.5 0.5 9.170 9.132 8.596 8.937 8.791 8.734 7.519 8.267 7.964 7.537 7.088
18000.0 2.0 -4.0 9.121 9.095 8.550 8.896 8.748 8.690 7.466 8.229 7.918 7.484 7.030
18000.0 2.0 -3.5 9.129 9.104 8.562 8.907 8.759 8.701 7.481 8.240 7.932 7.499 7.046
18000.0 2.0 -3.0 9.127 9.103 8.563 8.906 8.759 8.702 7.485 8.241 7.934 7.503 7.052
18000.0 2.0 -2.5 9.124 9.099 8.564 8.904 8.758 8.701 7.493 8.242 7.938 7.511 7.063
