WFIRST_fluxes_BTSettlAGSS2009.txt
# %ECSV 0.9
# ---
# datatype:
# - {name: teff, unit: K, datatype: float64}
# - {name: logg, unit: dex, datatype: float64}
# - {name: mh, unit: dex, datatype: float64}
# - {name: STIS_50CCD, unit: 'log [W/m2/um] at surface', datatype: float64, format: .3f}
# - {name: CGI_narrow, unit: 'log [W/m2/um] at surface', datatype: float64, format: .3f}
# - {name: CGI_wide, unit: 'log [W/m2/um] at surface', datatype: float64, format: .3f}
# - {name: CGI_IFS660, unit: 'log [W/m2/um] at surface', datatype: float64, format: .3f}
# - {name: CGI_IFS730, unit: 'log [W/m2/um] at surface', datatype: float64, format: .3f}
# - {name: CGI_IFS760, unit: 'log [W/m2/um] at surface', datatype: float64, format: .3f}
# - {name: 2MASS_H, unit: 'log [W/m2/um] at surface', datatype: float64, format: .3f}
# - {name: UKIDSS_Y, unit: 'log [W/m2/um] at surface', datatype: float64, format: .3f}
# - {name: MKO_J, unit: 'log [W/m2/um] at surface', datatype: float64, format: .3f}
# - {name: MKO_H, unit: 'log [W/m2/um] at surface', datatype: float64, format: .3f}
# - {name: MKO_Ks, unit: 'log [W/m2/um] at surface', datatype: float64, format: .3f}
# - {name: Johnson_V, unit: 'log [W/m2/um] at surface', datatype: float64, format: .3f}
# - {name: Gaia_G_revised, unit: 'log [W/m2/um] at surface', datatype: float64, format: .3f}
# schema: astropy-2.0
teff logg mh STIS_50CCD CGI_narrow CGI_wide CGI_IFS660 CGI_IFS730 CGI_IFS760 2MASS_H UKIDSS_Y MKO_J MKO_H MKO_Ks Johnson_V Gaia_G_revised
[from data line 11904]
38000.0 4.5 -2.0 9.837 9.721 9.124 9.501 9.340 9.276 7.953 8.749 8.426 7.973 7.502 9.803 9.659
38000.0 4.5 -1.5 9.845 9.729 9.132 9.508 9.347 9.283 7.961 8.757 8.433 7.980 7.509 9.811 9.666
38000.0 4.5 -1.0 9.854 9.737 9.140 9.517 9.356 9.292 7.969 8.765 8.441 7.989 7.518 9.819 9.675
38000.0 4.5 -0.5 9.864 9.747 9.150 9.527 9.365 9.302 7.978 8.774 8.450 7.998 7.527 9.829 9.684
38000.0 4.5 0.0 9.878 9.761 9.164 9.541 9.379 9.315 7.991 8.787 8.464 8.011 7.540 9.843 9.698
38000.0 4.5 0.3 9.888 9.771 9.173 9.550 9.389 9.325 8.000 8.796 8.472 8.020 7.548 9.853 9.707
38000.0 4.5 0.5 9.893 9.776 9.178 9.555 9.394 9.330 8.005 8.801 8.477 8.025 7.553 9.858 9.712
39000.0 2.5 -4.0 9.724 9.633 9.061 9.425 9.270 9.208 7.929 8.703 8.390 7.949 7.488 9.709 9.564
39000.0 2.5 -3.5 9.728 9.640 9.071 9.433 9.279 9.217 7.943 8.714 8.402 7.962 7.502 9.716 9.570
39000.0 2.5 -3.0 9.744 9.656 9.088 9.449 9.295 9.234 7.962 8.732 8.421 7.981 7.521 9.731 9.585
39000.0 2.5 -2.5 9.747 9.658 9.090 9.451 9.298 9.236 7.964 8.734 8.423 7.983 7.523 9.734 9.588
39000.0 2.5 -2.0 9.752 9.664 9.096 9.457 9.303 9.242 7.970 8.740 8.429 7.990 7.530 9.739 9.594
39000.0 2.5 -1.5 9.759 9.670 9.102 9.463 9.309 9.248 7.976 8.746 8.435 7.995 7.536 9.745 9.600
39000.0 2.5 -1.0 9.767 9.677 9.109 9.469 9.316 9.255 7.982 8.752 8.441 8.002 7.542 9.752 9.607
39000.0 2.5 -0.5 9.774 9.681 9.111 9.473 9.319 9.258 7.980 8.753 8.441 8.000 7.539 9.757 9.612
39000.0 2.5 0.0 9.790 9.693 9.122 9.484 9.330 9.269 7.989 8.763 8.450 8.009 7.547 9.769 9.625
39000.0 2.5 0.3 9.803 9.703 9.131 9.494 9.340 9.278 7.996 8.771 8.458 8.016 7.554 9.779 9.636
39000.0 2.5 0.5 9.814 9.711 9.138 9.502 9.347 9.285 8.000 8.776 8.462 8.019 7.556 9.788 9.644
39000.0 3.0 -4.0 9.780 9.680 9.099 9.467 9.310 9.247 7.950 8.733 8.416 7.969 7.504 9.758 9.613
39000.0 3.0 -3.5 9.790 9.691 9.112 9.479 9.323 9.261 7.966 8.747 8.431 7.985 7.520 9.769 9.624
39000.0 3.0 -3.0 9.799 9.702 9.124 9.490 9.334 9.272 7.979 8.759 8.443 7.998 7.533 9.779 9.634
39000.0 3.0 -2.5 9.804 9.705 9.127 9.493 9.337 9.275 7.980 8.762 8.445 8.000 7.534 9.783 9.638
39000.0 3.0 -2.0 9.810 9.711 9.133 9.500 9.343 9.281 7.986 8.768 8.452 8.006 7.540 9.789 9.644
39000.0 3.0 -1.5 9.818 9.719 9.140 9.507 9.351 9.289 7.994 8.775 8.459 8.013 7.547 9.796 9.651
39000.0 3.0 -1.0 9.826 9.726 9.148 9.515 9.358 9.296 8.001 8.783 8.467 8.021 7.555 9.804 9.659
39000.0 3.0 -0.5 9.833 9.730 9.149 9.517 9.361 9.298 7.998 8.783 8.465 8.018 7.551 9.808 9.664
39000.0 3.0 0.0 9.848 9.743 9.162 9.530 9.373 9.311 8.011 8.795 8.477 8.031 7.564 9.821 9.677
39000.0 3.0 0.3 9.859 9.753 9.171 9.540 9.383 9.320 8.020 8.804 8.486 8.039 7.572 9.831 9.687
39000.0 3.0 0.5 9.869 9.760 9.177 9.547 9.389 9.326 8.023 8.808 8.490 8.042 7.575 9.839 9.695
39000.0 3.5 -4.0 9.808 9.701 9.113 9.485 9.326 9.263 7.954 8.743 8.423 7.973 7.505 9.780 9.636
39000.0 3.5 -3.5 9.817 9.711 9.125 9.496 9.337 9.275 7.968 8.756 8.436 7.988 7.520 9.790 9.646
39000.0 3.5 -3.0 9.824 9.719 9.134 9.504 9.346 9.283 7.977 8.764 8.445 7.997 7.529 9.798 9.653
39000.0 3.5 -2.5 9.830 9.724 9.140 9.510 9.352 9.289 7.982 8.770 8.451 8.002 7.534 9.803 9.659
39000.0 3.5 -2.0 9.836 9.730 9.145 9.515 9.357 9.294 7.987 8.775 8.455 8.006 7.538 9.809 9.665
39000.0 3.5 -1.5 9.841 9.735 9.150 9.520 9.362 9.299 7.991 8.780 8.460 8.011 7.542 9.814 9.670
39000.0 3.5 -1.0 9.849 9.742 9.156 9.527 9.368 9.306 7.997 8.786 8.466 8.017 7.548 9.821 9.677
39000.0 3.5 -0.5 9.858 9.750 9.164 9.535 9.377 9.314 8.004 8.793 8.473 8.024 7.555 9.830 9.685
39000.0 3.5 0.0 9.871 9.761 9.174 9.546 9.387 9.324 8.013 8.803 8.483 8.033 7.564 9.841 9.696
39000.0 3.5 0.3 9.882 9.771 9.183 9.555 9.396 9.333 8.021 8.811 8.490 8.041 7.571 9.851 9.706
39000.0 3.5 0.5 9.890 9.777 9.189 9.561 9.402 9.339 8.025 8.816 8.495 8.045 7.575 9.858 9.713
39000.0 4.0 -4.0 9.822 9.709 9.117 9.491 9.330 9.267 7.952 8.744 8.422 7.971 7.502 9.790 9.646
39000.0 4.0 -3.5 9.829 9.718 9.127 9.500 9.340 9.277 7.964 8.755 8.433 7.983 7.514 9.798 9.654
39000.0 4.0 -3.0 9.838 9.726 9.136 9.509 9.349 9.286 7.971 8.763 8.442 7.991 7.521 9.807 9.663
39000.0 4.0 -2.5 9.842 9.731 9.140 9.513 9.354 9.291 7.975 8.767 8.446 7.994 7.524 9.811 9.667
39000.0 4.0 -2.0 9.848 9.736 9.145 9.518 9.359 9.295 7.978 8.772 8.450 7.998 7.527 9.817 9.673
39000.0 4.0 -1.5 9.855 9.742 9.151 9.525 9.365 9.302 7.984 8.778 8.456 8.004 7.533 9.823 9.679
39000.0 4.0 -1.0 9.862 9.749 9.158 9.532 9.372 9.308 7.990 8.784 8.462 8.010 7.539 9.830 9.686
39000.0 4.0 -0.5 9.872 9.758 9.167 9.540 9.381 9.317 7.999 8.792 8.470 8.019 7.548 9.839 9.695
39000.0 4.0 0.0 9.844 9.730 9.140 9.513 9.353 9.290 7.973 8.765 8.444 7.993 7.523 9.811 9.667
39000.0 4.0 0.3 9.897 9.782 9.189 9.564 9.403 9.340 8.020 8.814 8.492 8.040 7.568 9.863 9.718
39000.0 4.0 0.5 9.904 9.788 9.195 9.570 9.410 9.346 8.025 8.819 8.497 8.045 7.573 9.870 9.725
39000.0 4.5 -4.0 9.826 9.710 9.112 9.489 9.328 9.264 7.943 8.738 8.415 7.963 7.492 9.792 9.647
39000.0 4.5 -3.5 9.836 9.721 9.126 9.501 9.340 9.277 7.958 8.752 8.429 7.978 7.507 9.802 9.658
39000.0 4.5 -3.0 9.844 9.729 9.135 9.510 9.349 9.286 7.966 8.760 8.438 7.986 7.514 9.811 9.666
39000.0 4.5 -2.5 9.850 9.735 9.140 9.515 9.355 9.291 7.970 8.765 8.442 7.990 7.518 9.816 9.672
39000.0 4.5 -2.0 9.855 9.739 9.144 9.520 9.359 9.295 7.972 8.768 8.445 7.992 7.520 9.821 9.677
39000.0 4.5 -1.5 9.863 9.746 9.151 9.527 9.366 9.302 7.979 8.775 8.452 7.999 7.527 9.828 9.684
39000.0 4.5 -1.0 9.872 9.754 9.159 9.535 9.374 9.310 7.987 8.783 8.459 8.006 7.534 9.836 9.692
39000.0 4.5 -0.5 9.882 9.764 9.168 9.544 9.383 9.319 7.995 8.792 8.468 8.015 7.543 9.846 9.701
39000.0 4.5 0.0 9.895 9.776 9.181 9.557 9.396 9.332 8.007 8.803 8.480 8.027 7.555 9.858 9.714
39000.0 4.5 0.3 9.905 9.786 9.190 9.566 9.405 9.341 8.015 8.812 8.489 8.035 7.563 9.868 9.723
39000.0 4.5 0.5 9.910 9.792 9.195 9.572 9.410 9.347 8.021 8.817 8.494 8.040 7.568 9.874 9.729
40000.0 2.5 -4.0 9.737 9.645 9.073 9.436 9.282 9.220 7.941 8.714 8.401 7.960 7.499 9.721 9.576
40000.0 2.5 -3.5 9.748 9.658 9.088 9.450 9.296 9.235 7.959 8.731 8.419 7.978 7.518 9.734 9.588
40000.0 2.5 -3.0 9.756 9.668 9.100 9.461 9.307 9.246 7.974 8.744 8.433 7.993 7.533 9.743 9.598
40000.0 2.5 -2.5 9.759 9.671 9.102 9.463 9.310 9.248 7.976 8.746 8.435 7.995 7.536 9.746 9.600
40000.0 2.5 -2.0 9.765 9.676 9.108 9.469 9.315 9.254 7.982 8.752 8.441 8.002 7.542 9.751 9.606
40000.0 2.5 -1.5 9.772 9.682 9.114 9.475 9.321 9.260 7.988 8.758 8.447 8.007 7.548 9.757 9.612
40000.0 2.5 -1.0 9.780 9.689 9.120 9.481 9.328 9.267 7.994 8.764 8.453 8.013 7.553 9.764 9.619
40000.0 2.5 -0.5 9.786 9.693 9.122 9.484 9.330 9.269 7.992 8.765 8.452 8.011 7.550 9.768 9.623
40000.0 2.5 0.0 9.801 9.704 9.133 9.495 9.341 9.280 8.001 8.774 8.462 8.021 7.560 9.780 9.635
40000.0 2.5 0.3 9.815 9.714 9.142 9.505 9.351 9.289 8.008 8.782 8.469 8.027 7.565 9.791 9.647
40000.0 2.5 0.5 9.825 9.722 9.149 9.512 9.358 9.296 8.011 8.787 8.473 8.030 7.567 9.799 9.655
40000.0 3.0 -4.0 9.793 9.691 9.109 9.478 9.321 9.258 7.960 8.743 8.426 7.980 7.514 9.770 9.625
40000.0 3.0 -3.5 9.803 9.703 9.123 9.491 9.334 9.272 7.976 8.758 8.441 7.995 7.530 9.781 9.636
40000.0 3.0 -3.0 9.812 9.713 9.135 9.502 9.346 9.283 7.989 8.770 8.454 8.009 7.543 9.791 9.646
40000.0 3.0 -2.5 9.817 9.717 9.139 9.506 9.349 9.287 7.991 8.773 8.457 8.011 7.545 9.795 9.650
40000.0 3.0 -2.0 9.824 9.724 9.145 9.512 9.356 9.293 7.998 8.780 8.463 8.017 7.552 9.802 9.657
40000.0 3.0 -1.5 9.832 9.732 9.153 9.520 9.364 9.302 8.006 8.788 8.471 8.026 7.560 9.810 9.665
40000.0 3.0 -1.0 9.839 9.738 9.160 9.527 9.370 9.308 8.013 8.794 8.478 8.032 7.566 9.816 9.671
40000.0 3.0 -0.5 9.846 9.742 9.161 9.529 9.372 9.310 8.010 8.794 8.476 8.029 7.562 9.820 9.676
40000.0 3.0 0.0 9.861 9.755 9.175 9.543 9.386 9.323 8.025 8.808 8.491 8.044 7.578 9.834 9.690
40000.0 3.0 0.3 9.872 9.765 9.183 9.552 9.395 9.332 8.031 8.815 8.498 8.051 7.584 9.843 9.700
40000.0 3.0 0.5 9.882 9.773 9.189 9.559 9.401 9.338 8.034 8.820 8.502 8.054 7.586 9.851 9.708
40000.0 3.5 -4.0 9.820 9.711 9.122 9.495 9.336 9.273 7.962 8.752 8.432 7.982 7.514 9.791 9.647
40000.0 3.5 -3.5 9.829 9.722 9.135 9.506 9.348 9.285 7.977 8.765 8.445 7.997 7.528 9.801 9.657
40000.0 3.5 -3.0 9.836 9.730 9.144 9.515 9.356 9.294 7.986 8.774 8.455 8.006 7.538 9.809 9.664
40000.0 3.5 -2.5 9.842 9.736 9.151 9.521 9.363 9.300 7.992 8.780 8.461 8.012 7.543 9.815 9.671
40000.0 3.5 -2.0 9.849 9.742 9.157 9.527 9.369 9.306 7.997 8.786 8.466 8.017 7.548 9.821 9.677
40000.0 3.5 -1.5 9.854 9.747 9.161 9.532 9.374 9.311 8.001 8.791 8.471 8.021 7.552 9.826 9.682
40000.0 3.5 -1.0 9.862 9.754 9.168 9.539 9.380 9.317 8.008 8.797 8.477 8.027 7.558 9.833 9.689
40000.0 3.5 -0.5 9.872 9.763 9.176 9.547 9.389 9.326 8.015 8.805 8.485 8.035 7.566 9.842 9.698
40000.0 3.5 0.0 9.885 9.774 9.187 9.558 9.400 9.337 8.025 8.815 8.495 8.045 7.575 9.854 9.710
40000.0 3.5 0.3 9.896 9.783 9.195 9.567 9.408 9.345 8.032 8.822 8.502 8.052 7.582 9.863 9.719
40000.0 3.5 0.5 9.904 9.790 9.201 9.574 9.414 9.351 8.036 8.828 8.507 8.056 7.586 9.870 9.726
40000.0 4.0 -4.0 9.834 9.720 9.126 9.501 9.341 9.277 7.960 8.753 8.431 7.980 7.510 9.801 9.657
40000.0 4.0 -3.5 9.842 9.729 9.138 9.512 9.352 9.288 7.973 8.765 8.443 7.993 7.523 9.810 9.666
40000.0 4.0 -3.0 9.851 9.738 9.147 9.520 9.361 9.297 7.981 8.773 8.452 8.001 7.530 9.819 9.675
40000.0 4.0 -2.5 9.856 9.743 9.152 9.526 9.366 9.302 7.985 8.778 8.456 8.005 7.534 9.824 9.680
40000.0 4.0 -2.0 9.862 9.749 9.157 9.531 9.371 9.307 7.989 8.783 8.461 8.009 7.538 9.829 9.685
40000.0 4.0 -1.5 9.869 9.755 9.163 9.537 9.377 9.314 7.995 8.789 8.467 8.015 7.544 9.836 9.692
40000.0 4.0 -1.0 9.877 9.762 9.170 9.544 9.384 9.321 8.002 8.796 8.473 8.021 7.550 9.843 9.699
40000.0 4.0 -0.5 9.887 9.771 9.179 9.553 9.393 9.330 8.010 8.804 8.482 8.030 7.559 9.852 9.708
40000.0 4.0 0.0 9.857 9.742 9.150 9.524 9.364 9.301 7.983 8.775 8.454 8.003 7.532 9.822 9.678
40000.0 4.0 0.3 9.912 9.795 9.202 9.577 9.416 9.352 8.031 8.826 8.503 8.051 7.580 9.876 9.732
40000.0 4.0 0.5 9.919 9.801 9.208 9.583 9.422 9.358 8.036 8.831 8.509 8.056 7.585 9.883 9.738
40000.0 4.5 -4.0 9.838 9.720 9.122 9.499 9.338 9.274 7.952 8.747 8.424 7.971 7.500 9.802 9.658
40000.0 4.5 -3.5 9.848 9.731 9.136 9.511 9.350 9.287 7.966 8.761 8.438 7.986 7.515 9.813 9.669
40000.0 4.5 -3.0 9.856 9.740 9.145 9.520 9.359 9.296 7.974 8.769 8.447 7.994 7.523 9.821 9.677
40000.0 4.5 -2.5 9.862 9.745 9.150 9.526 9.365 9.301 7.978 8.774 8.451 7.998 7.526 9.827 9.683
40000.0 4.5 -2.0 9.868 9.751 9.155 9.531 9.370 9.306 7.982 8.778 8.455 8.002 7.529 9.832 9.688
40000.0 4.5 -1.5 9.876 9.758 9.162 9.539 9.378 9.314 7.989 8.786 8.462 8.009 7.537 9.840 9.696
40000.0 4.5 -1.0 9.886 9.767 9.171 9.547 9.386 9.322 7.997 8.794 8.470 8.017 7.545 9.849 9.705
40000.0 4.5 -0.5 9.896 9.777 9.180 9.557 9.396 9.332 8.006 8.803 8.479 8.026 7.554 9.858 9.714
40000.0 4.5 0.0 9.910 9.790 9.194 9.570 9.409 9.345 8.019 8.816 8.492 8.039 7.566 9.872 9.728
40000.0 4.5 0.3 9.920 9.799 9.202 9.579 9.418 9.354 8.027 8.824 8.500 8.047 7.574 9.881 9.737
40000.0 4.5 0.5 9.925 9.805 9.208 9.585 9.423 9.359 8.032 8.829 8.506 8.052 7.579 9.887 9.742
41000.0 3.5 -4.0 9.833 9.723 9.134 9.507 9.347 9.284 7.973 8.763 8.442 7.993 7.524 9.803 9.659
41000.0 3.5 -3.5 9.842 9.734 9.147 9.518 9.360 9.297 7.988 8.776 8.457 8.008 7.540 9.813 9.669
41000.0 3.5 -3.0 9.850 9.743 9.158 9.528 9.370 9.307 8.000 8.787 8.468 8.019 7.551 9.822 9.678
41000.0 3.5 -2.5 9.857 9.750 9.165 9.535 9.377 9.314 8.007 8.795 8.475 8.027 7.559 9.829 9.684
41000.0 3.5 -2.0 9.863 9.756 9.171 9.541 9.383 9.320 8.012 8.800 8.480 8.031 7.562 9.835 9.691
41000.0 3.5 -1.5 9.868 9.761 9.175 9.545 9.387 9.324 8.015 8.804 8.484 8.035 7.566 9.840 9.695
41000.0 3.5 -1.0 9.876 9.767 9.181 9.552 9.393 9.331 8.021 8.810 8.490 8.040 7.571 9.846 9.702
41000.0 3.5 -0.5 9.885 9.775 9.189 9.560 9.401 9.338 8.028 8.817 8.497 8.047 7.578 9.855 9.711
41000.0 3.5 0.0 9.898 9.786 9.198 9.570 9.411 9.348 8.036 8.826 8.506 8.056 7.587 9.866 9.722
41000.0 3.5 0.3 9.909 9.796 9.207 9.579 9.420 9.357 8.044 8.834 8.514 8.063 7.594 9.876 9.732
41000.0 3.5 0.5 9.917 9.802 9.213 9.586 9.426 9.363 8.048 8.839 8.518 8.068 7.598 9.883 9.739
41000.0 4.0 -4.0 9.846 9.731 9.138 9.513 9.352 9.289 7.971 8.764 8.442 7.991 7.520 9.812 9.669
41000.0 4.0 -3.5 9.855 9.741 9.149 9.523 9.363 9.300 7.984 8.776 8.454 8.004 7.534 9.821 9.678
41000.0 4.0 -3.0 9.864 9.750 9.160 9.533 9.373 9.310 7.994 8.786 8.465 8.014 7.543 9.831 9.687
41000.0 4.0 -2.5 9.869 9.756 9.166 9.539 9.379 9.316 7.999 8.792 8.470 8.019 7.548 9.836 9.692
41000.0 4.0 -2.0 9.875 9.761 9.170 9.544 9.384 9.320 8.002 8.795 8.473 8.022 7.551 9.842 9.698
41000.0 4.0 -1.5 9.882 9.768 9.176 9.550 9.390 9.327 8.008 8.801 8.479 8.028 7.557 9.848 9.705
41000.0 4.0 -1.0 9.890 9.775 9.183 9.557 9.397 9.333 8.014 8.807 8.485 8.034 7.562 9.855 9.712
41000.0 4.0 -0.5 9.900 9.784 9.191 9.566 9.406 9.342 8.022 8.816 8.494 8.042 7.570 9.865 9.721
41000.0 4.0 0.0 9.867 9.751 9.159 9.533 9.373 9.309 7.991 8.784 8.462 8.011 7.540 9.831 9.688
41000.0 4.0 0.3 9.925 9.807 9.213 9.589 9.428 9.364 8.043 8.837 8.515 8.063 7.591 9.888 9.744
41000.0 4.0 0.5 9.933 9.814 9.219 9.595 9.434 9.370 8.048 8.843 8.520 8.068 7.596 9.895 9.751
41000.0 4.5 -4.0 9.851 9.732 9.134 9.511 9.349 9.285 7.962 8.758 8.435 7.982 7.511 9.814 9.670
41000.0 4.5 -3.5 9.861 9.743 9.148 9.524 9.363 9.299 7.978 8.772 8.450 7.998 7.527 9.825 9.681
41000.0 4.5 -3.0 9.870 9.753 9.159 9.534 9.373 9.309 7.988 8.783 8.460 8.008 7.536 9.834 9.691
41000.0 4.5 -2.5 9.877 9.760 9.166 9.541 9.380 9.317 7.995 8.790 8.467 8.015 7.542 9.841 9.698
41000.0 4.5 -2.0 9.883 9.764 9.169 9.545 9.384 9.320 7.996 8.792 8.469 8.016 7.543 9.846 9.702
41000.0 4.5 -1.5 9.891 9.772 9.176 9.552 9.391 9.328 8.003 8.799 8.476 8.023 7.550 9.853 9.710
41000.0 4.5 -1.0 9.900 9.780 9.184 9.560 9.399 9.335 8.010 8.807 8.483 8.030 7.557 9.862 9.718
41000.0 4.5 -0.5 9.910 9.789 9.193 9.570 9.409 9.345 8.019 8.815 8.492 8.039 7.566 9.871 9.728
41000.0 4.5 0.0 9.924 9.802 9.205 9.582 9.421 9.357 8.030 8.827 8.503 8.050 7.577 9.884 9.740
41000.0 4.5 0.3 9.934 9.812 9.214 9.592 9.430 9.366 8.038 8.836 8.512 8.058 7.585 9.894 9.750
41000.0 4.5 0.5 9.939 9.817 9.220 9.597 9.436 9.372 8.044 8.841 8.517 8.064 7.590 9.900 9.755
42000.0 2.5 0.0 9.823 9.725 9.154 9.516 9.362 9.301 8.023 8.795 8.483 8.042 7.581 9.801 9.657
42000.0 3.5 -4.0 9.844 9.733 9.144 9.517 9.357 9.294 7.982 8.772 8.451 8.002 7.533 9.813 9.669
42000.0 3.5 -3.5 9.854 9.744 9.157 9.529 9.370 9.307 7.997 8.786 8.466 8.017 7.548 9.824 9.680
42000.0 3.5 -3.0 9.862 9.753 9.168 9.538 9.380 9.317 8.009 8.797 8.477 8.029 7.560 9.833 9.689
42000.0 3.5 -2.5 9.869 9.760 9.175 9.545 9.387 9.324 8.016 8.804 8.485 8.036 7.567 9.840 9.695
42000.0 3.5 -2.0 9.876 9.767 9.181 9.552 9.394 9.331 8.022 8.810 8.490 8.041 7.572 9.846 9.702
42000.0 3.5 -1.5 9.881 9.772 9.186 9.557 9.398 9.335 8.025 8.814 8.495 8.045 7.576 9.851 9.707
42000.0 3.5 -1.0 9.889 9.779 9.192 9.563 9.405 9.342 8.031 8.820 8.500 8.051 7.581 9.858 9.714
42000.0 3.5 -0.5 9.898 9.787 9.200 9.571 9.413 9.350 8.038 8.828 8.508 8.058 7.588 9.867 9.723
42000.0 3.5 0.0 9.911 9.798 9.210 9.582 9.423 9.360 8.048 8.837 8.517 8.067 7.598 9.878 9.734
42000.0 3.5 0.3 9.922 9.808 9.219 9.591 9.432 9.369 8.055 8.845 8.525 8.074 7.604 9.888 9.744
42000.0 3.5 0.5 9.931 9.815 9.225 9.598 9.438 9.375 8.059 8.850 8.529 8.079 7.608 9.895 9.751
42000.0 4.0 -4.0 9.857 9.741 9.147 9.522 9.362 9.298 7.979 8.772 8.450 7.999 7.528 9.822 9.679
42000.0 4.0 -3.5 9.867 9.752 9.159 9.534 9.374 9.310 7.993 8.785 8.464 8.013 7.543 9.832 9.689
42000.0 4.0 -3.0 9.876 9.761 9.170 9.544 9.384 9.320 8.003 8.796 8.474 8.023 7.552 9.842 9.698
42000.0 4.0 -2.5 9.882 9.767 9.176 9.550 9.390 9.327 8.009 8.801 8.480 8.029 7.557 9.848 9.704
42000.0 4.0 -2.0 9.888 9.773 9.181 9.555 9.395 9.331 8.012 8.806 8.484 8.032 7.561 9.853 9.710
42000.0 4.0 -1.5 9.896 9.780 9.187 9.562 9.402 9.338 8.018 8.812 8.490 8.038 7.566 9.860 9.717
